155790125
155790250
155790375
155790500
155790625
155790750
155790875
155791000
155791125
155791250
155791375
155791500
155791625
155791750
155791875
155792000
155792125
155792250
155792375
155792500
155792625
155792750
155792875
155793000
155793125
155793250
155793376
155793500
155793625
155793750
155793875
155794000
155794125
155794250
155794375
155794500
155794625
155794750
155794876
155795000
155795125
155795251
155795375
155795500
155795625
155795750
155795875
155796000
155796125
155796250
155796375
155796500
155796626
155796750
155796875
155797000
155797125
155797250
155797375
155797500
155797625
155797750
155797875
155798000
155798126
155798250
155798375
155798500
155798625
155798750
155798875
155799000
155799125
155799250
155799375
155799500
155799625
155799750
155799876
155800000
155800125
155800250
155800375
155800501
155800625
155800750
155800875
155801001
155801126
155801251
155801375
155801500
155801626
155801750
155801875
155802000
155802125
155802251
155802375
155802500
155802625
155802750
155802875
155803000
155803125
155803250
155803375
155803501
155803625
155803750
155803875
155804000
155804125
155804250
155804375
155804500
155804625
155804750
155804875
155805000
155805125
155805250
155805375
155805500
155805626
155805750
155805875
155806000
155806125
155806250
155806375
155806500
155806625
155806750
155806875
155807000
155807125
155807250
155807375
155807500
155807625
155807750
155807875
155808000
155808125
155808250
155808375
155808501
155808625
155808750
155808875
155809001
155809125
155809250
155809375
155809500
155809625
155809750
155809875
155810000
155810125
155810250
155810375
155810501
155810625
155810751
155810875
155811000
155811126
155811250
155811376
155811501
155811625
155811750
155811875
155812000
155812125
155812250
155812375
155812501
155812625
155812750
155812875
155813001
155813125
155813250
155813375
155813500
155813625
155813750
155813875
155814000
155814125
155814250
155814376
155814500
155814625
155814750
155814876
155815001
155815125
155815250
155815375
155815500
155815625
155815750
155815875
155816000
155816125
155816250
155816376
155816500
155816625
155816750
155816875
155817001
155817125
155817250
155817375
155817500
155817625
155817750
155817875
155818000
155818125
155818250
155818375
155818500
155818625
155818750
155818875
155819000
155819125
155819250
155819375
155819500
155819625
155819750
155819875
155820001
155820125
155820625
155820750
155820875
155821000
155821125
155821250
155821375
155821500
155821625
155821750
155821875
155822000
155822126
155822250
155822375
155822500
155822625
155822750
155822875
155823000
155823126
155823250
155823375
155823500
155823625
155823750
155823875
155824000
155824125
155824250
155824375
155824500
155824625
155824750
155824875
155825000
155825125
155825250
155825376
155825500
155825625
155825750
155825875
155826000
155826125
155826250
155826375
155826500
155826625
155826750
155826875
155827000
155827125
155827251
155827375
155827500
155827625
155827750
155827875
155828000
155828125
155828250
155828375
155828501
155828625
155828751
155828875
155829000
155829125
155829250
155829375
155829500
155829625
155829750
155829875
155830000
155830125
155830250
155830375
155830500
155830625
155830750
155830875
155831000
155831125
155831250
155831375
155831500
155831625
155831750
155831875
155832000
155832125
155832251
155832375
155832500
155832625
155832750
155832875
155833000
155833126
155833250
155833375
155833501
155833625
155833750
155833875
155834000
155834125
155834251
155834375
155834500
155834625
155834750
155834875
155835000
155835125
155835250
155835375
155835500
155835625
155835750
155835875
155836001
155836125
155836251
155836375
155836500
155836625
155836750
155836875
155837001
155837126
155837250
155837375
155837500
155837625
155837750
155837876
155838001
155838125
155838250
155838375
155838500
155838625
155838750
155838875
155839000
155839125
155839250
155839375
155839500
155839625
155839750
155839875
155840000
155840125
155840251
155840375
155840500
155840625
155840750
155840875
155841000
155841125
155841250
155841375
155841501
155841625
155841750
155841875
155842001
155842125
155842250
155842375
155842500
155842625
155842750
155842875
155843000
155843125
155843250
155843375
155843500
155843625
155843750
155843875
155844000
155844125
155844251
155844376
155844501
155844626
155844750
155844875
155845000
155845125
155845250
155845375
155845500
155845626
155845750
155845876
155846000
155846125
155846250
155846376
155846501
155846625
155846750
155846875
155847000
155847126
155847250
155847375
155847500
155847625
155847750
155847875
155848000
155848125
155848250
155848375
155848500
155848625
155848750
155848876
155849014
155849250
155849375
155849500
155849625
155849750
155849876
155850000
155850125
155851250
155851375
155851500
155851625
155851751
155851875
155852000
155852125
155852250
155852375
155852500
155852625
155852750
155852875
155853001
155853125
155853250
155853375
155853500
155853625
155853751
155853875
155854000
155854125
155854250
155854375
155854500
155854625
155854750
155854875
155855000
155855125
155855250
155855375
155855500
155855626
155855750
155855875
155856001
155856125
155856250
155856375
155856500
155856626
155856750
155856875
155857000
155857126
155857251
155857375
155857501
155857625
155857750
155857875
155858000
155858125
155858250
155858375
155858500
155858625
155858750
155858875
155859001
155859125
155859250
155859375
155859500
155859625
155859750
155859875
155860000
155860125
155860250
155860375
155860500
155860625
155860750
155860875
155861000
155861125
155861251
155861375
155861501
155861625
155861750
155861875
155862000
155862125
155862250
155862376
155862500
155862625
155862751
155862875
155863000
155863125
155863251
155863375
155863500
155863625
155863750
155863875
155864000
155864125
155864250
155864376
155864500
155864625
155864750
155864875
155865000
155865125
155865250
155865375
155865500
155865625
155865750
155865875
155866000
155866125
155866250
155866375
155866501
155866625
155866750
155866875
155867000
155867125
155867250
155867375
155867500
155867625
155867750
155867876
155868001
155868125
155868250
155868375
155868500
155868625
155868750
155868875
155869000
155869125
155869250
155869375
155869500
155869625
155869750
155869875
155870000
155870125
155870250
155870375
155870500
155870625
155870750
155870875
155871000
155871125
155871250
155871375
155871501
155871625
155871750
155871875
155872000
155872125
155872250
155872375
155872500
155872625
155872750
155872875
155873000
155873125
155873250
155873375
155873500
155873625
155873750
155873875
155874001
155874125
155874250
155874375
155874500
155874625
155874750
155874875
155875000
155875125
155875250
155876375
155876500
155876625
155876750
155876875
155877001
155877125
155877250
155877375
155877500
155877625
155877750
155877875
155878001
155878125
155878250
155878375
155878500
155878625
155878750
155878875
155879000
155879125
155879250
155879375
155879500
155879625
155879750
155879875
155880000
155880126
155880250
155882625
155882750
155882875
155883001
155883125
155883250
155883375
155883500
155883625
155883750
155883875
155884000
155884125
155884250
155884376
155884500
155884625
155884750
155884875
155885000
155885125
155885251
155885375
155885500
155885625
155885751
155885875
155886000
155886125
155886250
155886375
155886500
155886625
155886750
155886875
155887000
155887126
155887250
155887375
155887500
155887625
155887750
155887875
155888000
155888125
155888250
155888375
155888500
155888625
155888750
155888876
155889000
155889125
155889251
155889375
155889500
155889625
155889750
155889876
155890000
155890125
155890250
155890375
155890500
155890625
155890750
155890875
155891000
155891125
155891250
155891375
155891500
155891625
155891751
155891875
155892000
155892125
155892250
155892375
155892501
155892625
155892750
155892875
155893000
155893125
155893250
155893375
155893500
155893625
155893750
155893875
155894000
155894125
155894250
155894375
155894500
155894625
155894750
155894875
155895000
155895126
155895250
155895375
155895500
155895625
155895750
155895875
155896001
155896125
155896251
155896375
155896501
155896625
155896750
155896876
155897000
155897125
155897250
155897375
155897500
155897625
155897750
155897875
155898000
155898125
155898251
155898375
155898500
155898625
155898750
155898875
155899000
155899126
155899251
155899375
155899500
155899625
155899750
155899875
155900000
155900125
155900250
155900375
155900500
155900625
155900750
155900875
155901000
155901125
155901250
155901375
155901500
155901625
155901751
155901875
155902000
155902125
155902250
155902375
155902500
155902625
155902750
155902875
155903000
155903126
155903250
155903375
155903500
155903625
155903750
155903875
155904001
155904125
155904250
155904375
155904500
155904625
155904750
155904875
155905000
155905125
155905250
155905375
155905500
155905625
155905750
155905875
155906000
155906125
155906250
155906375
155906500
155906625
155906750
155906875
155907000
155907125
155907250
155907375
155907500
155907625
155907750
155907875
155908000
155908125
155908250
155908375
155908501
155908625
155908750
155908875
155909000
155909125
155909250
155909375
155909500
155909625
155909750
155909876
155910000
155910125
155910250
155910375
155910500
155910626
155910751
155910875
155911000
155911125
155911250
155911375
155911500
155911625
155911750
155911875
155912000
155912125
155912250
155912375
155912500
155912625
155912750
155912875
155913000
155913125
155913250
155913375
155913500
155913625
155913750
155913875
155914000
155914125
155914250
155914375
155914500
155914625
155914750
155914875
155915000
155915125
155915250
155916375
155916501
155916625
155916750
155916875
155917000
155917125
155917250
155917375
155917500
155917625
155917750
155917875
155918000
155918125
155918250
155918375
155918500
155918625
155918750
155918875
155919000
155919125
155919250
155919375
155919500
155919625
155919750
155919875
155920000
155920125
155920250
155920375
155920501
155920625
155920750
155920876
155921000
155921126
155921250
155921375
155921501
155921625
155921750
155921875
155922000
155922125
155922250
155922375
155922500
155922625
155922750
155922875
155923000
155923125
155923250
155923375
155923500
155923625
155923750
155923875
155924000
155924125
155924250
155924375
155924500
155924625
155924750
155924875
155925000
155925126
155925250
155925375
155925500
155925625
155925750
155925875
155926000
155926125
155926250
155926376
155926500
155926625
155926750
155926875
155927000
155927125
155927250
155927375
155927500
155927625
155927750
155927875
155928001
155928125
155928250
155928375
155928500
155928625
155928750
155928875
155929000
155929125
155929250
155929375
155929500
155929625
155929750
155929875
155930000
155930125
155930250
155930375
155930500
155930625
155930750
155930875
155931000
155931125
155931251
155931375
155931501
155931625
155931750
155931875
155932000
155932125
155932250
155932375
155932500
155932625
155932750
155932875
155933000
155933125
155933250
155933375
155933500
155933625
155933750
155933875
155934000
155934125
155934250
155934375
155934500
155934625
155934750
155934875
155935000
155935125
155935250
155935375
155935501
155935625
155935750
155935875
155936001
155936125
155936250
155936375
155936500
155936625
155936750
155936875
155937000
155937125
155937251
155937375
155937500
155937625
155937750
155937875
155938001
155938125
155938250
155938375
155938500
155938625
155938751
155938875
155939000
155939125
155939250
155939375
155939500
155939625
155939750
155939876
155940001
155940125
155940251
155941250
155941375
155941501
155941625
155941750
155941875
155942000
155942125
155942250
155942375
155942500
155942625
155942750
155942875
155943000
155943125
155943250
155943375
155943500
155943625
155943750
155943876
155944000
155944125
155944250
155944375
155944500
155944625
155944750
155944875
155945000
155945125
155945250
155947500
155947625
155947750
155947875
155948000
155948125
155948250
155948375
155948500
155948625
155948750
155948875
155949000
155949125
155949250
155949375
155949500
155949625
155949750
155949875
155950000
155950126
155950250
155950375
155950501
155950625
155950750
155950875
155951000
155951125
155951251
155951376
155951501
155951625
155951750
155951875
155952000
155952125
155952250
155952375
155952501
155952626
155952750
155952875
155953000
155953125
155953250
155953375
155953501
155953625
155953750
155953876
155954000
155954125
155954250
155954375
155954500
155954625
155954750
155954875
155955000
155955126
155955250
155955375
155955500
155955626
155955750
155955875
155956001
155956125
155956251
155956375
155956500
155956625
155956750
155956875
155957000
155957125
155957250
155957375
155957500
155957625
155957750
155957875
155958000
155958126
155958251
155958375
155958500
155958625
155958750
155958876
155959000
155959125
155959250
155959375
155959500
155959625
155959750
155959875
155960000
155960125
155960250
155960375
155960501
155960625
155960750
155960875
155961000
155961125
155961250
155961375
155961500
155961625
155961751
155961875
155962000
155962125
155962250
155962375
155962500
155962625
155962750
155962876
155963000
155963125
155963250
155963376
155963500
155963625
155963750
155963875
155964001
155964125
155964250
155964375
155964500
155964625
155964750
155964876
155965001
155965125
155965250
155965375
155965501
155965625
155965750
155965875
155966000
155966125
155966250
155966375
155966500
155966625
155966750
155966876
155967000
155967125
155967250
155967375
155967501
155967625
155967750
155967875
155968000
155968126
155968251
155968375
155968500
155968625
155968750
155968875
155969000
155969125
155969250
155969376
155969500
155969626
155969751
155969875
155970000
155970125
155970250
155970375
155970500
155970625
155970750
155970875
155971000
155971125
155971251
155971375
155971500
155971625
155971750
155971875
155972000
155972125
155972250
155972375
155972500
155972625
155972750
155972875
155973000
155973125
155973250
155973375
155973501
155973626
155973750
155973875
155974000
155974125
155974250
155974375
155974500
155974625
155974750
155974875
155975000
155975126
155975250
155975375
155975500
155975625
155975750
155975875
155976000
155976125
155976250
155976375
155976500
155976625
155976750
155976875
155977000
155977125
155977250
155977375
155977500
155977625
155977750
155977875
155978000
155978125
155978250
155978375
155978500
155978626
155978750
155978875
155979000
155979125
155979250
155979375
155979500
155979625
155979750
155979875
155980000
155980125
155980250
155980375
155980500
155980625
155980750
155980875
155981000
155981125
155981250
155981375
155981500
155981625
155981750
155981875
155982000
155982125
155982250
155982375
155982500
155982626
155982751
155982875
155983000
155983125
155983250
155983375
155983500
155983625
155983750
155983875
155984001
155984125
155984250
155984375
155984500
155984625
155984750
155984875
155985001
155985125
155985250
155985375
155985500
155985625
155985750
155985875
155986001
155986125
155986250
155986375
155986500
155986626
155986750
155986875
155987000
155987125
155987250
155987375
155987500
155987625
155987750
155987876
155988000
155988125
155988251
155988375
155988500
155988625
155988750
155988876
155989000
155989125
155989250
155989375
155989500
155989625
155989750
155989875
155990000
155990125
155990250
155990375
155990500
155990625
155990750
155990875
155991000
155991125
155991250
155991375
155991500
155991625
155991750
155991875
155992000
155992125
155992250
155992375
155992500
155992625
155992750
155992875
155993000
155993125
155993250
155993375
155993500
155993626
155993750
155993875
155994000
155994125
155994250
155994375
155994500
155994625
155994750
155994875
155995000
155995125
155995250
155995375
155995500
155995625
155995750
155995875
155996000
155996125
155996250
155996376
155996501
155996625
155996750
155996875
155997000
155997125
155997250
155997375
155997500
155997625
155997750
155997876
155998000
155998125
155998250
155998375
155998500
155998625
155998750
155998875
155999000
155999125
155999250
155999375
155999500
155999625
155999750
155999875
156000000
156000125
156000251
156000375
156001625
156001751
156001875
156002000
156002125
156002250
156002375
156002500
156002625
156002750
156002875
156003000
156003126
156003251
156003375
156003500
156003625
156003750
156003875
156004000
156004125
156004250
156004375
156004500
156004625
156004751
156004875
156005000
156005125
156005250
156005375
156005500
156005625
156005750
156005875
156006001
156006125
156006250
156006375
156006501
156006625
156006750
156006875
156007000
156007125
156007250
156007375
156007500
156007625
156007750
156007876
156008001
156008125
156008250
156008375
156008500
156008625
156008750
156008876
156009000
156009125
156009250
156009375
156009500
156009625
156009750
156009875
156010000
156010125
156010250
156010375
156010500
156010625
156010750
156010875
156011000
156011125
156011250
156011375
156011500
156011625
156011750
156011875
156012000
156012125
156012250
156012375
156012500
156012625
156012750
156012875
156013000
156013125
156013250
156013375
156013501
156013625
156013750
156013875
156014000
156014125
156014251
156014375
156014500
156014625
156014750
156014875
156015000
156015125
156015250
156015375
156015500
156015625
156015750
156015875
156016000
156016125
156016250
156016375
156016500
156016625
156016750
156016875
156017000
156017125
156017250
156017375
156017500
156017625
156017750
156017875
156018000
156018125
156018250
156018375
156018501
156018625
156018750
156018875
156019000
156019125
156019251
156019376
156019500
156019625
156019750
156019875
156020000
156020125
156020250
156020375
156020500
156020625
156020750
156020875
156021000
156021126
156021250
156021375
156021500
156021625
156021751
156021876
156022000
156022125
156022250
156022375
156022500
156022625
156022750
156022875
156023000
156023125
156023250
156023375
156023500
156023625
156023750
156023876
156024000
156024125
156024250
156024375
156024500
156024625
156024750
156024875
156025000
156025125
156025250
156025375
156025500
156025626
156025750
156025875
156026000
156026125
156026251
156026375
156026500
156026626
156026750
156026875
156027000
156027125
156027251
156027375
156027504
156027625
156027751
156027875
156028000
156028125
156028250
156028375
156028500
156028625
156028750
156028875
156029000
156029125
156029250
156029375
156029500
156029625
156029751
156029875
156030001
156030125
156030250
156030375
156030500
156030625
156030750
156030875
156031000
156031125
156031250
156031375
156031500
156031625
156031750
156031875
156032000
156032125
156032250
156032375
156032500
156032625
156032750
156032876
156033000
156033125
156033250
156033375
156033500
156033625
156033750
156033875
156034000
156034126
156034251
156034375
156034500
156034625
156034750
156034875
156035000
156035125
156035250
156035375
156035500
156035625
156035750
156035875
156036000
156036125
156036250
156036375
156036500
156036625
156036750
156036875
156037001
156037125
156037250
156037375
156037500
156037626
156037750
156037875
156038000
156038125
156038250
156038375
156038500
156038625
156038750
156038875
156039000
156039125
156039251
156039376
156039500
156039625
156039750
156039875
156040000
156040125
156040250
156040375
156040500
156040625
156040750
156040875
156041000
156041125
156041250
156041375
156041500
156041625
156041750
156041875
156042000
156042125
156042250
156042375
156042500
156042625
156042750
156042875
156043000
156043125
156043250
156043375
156043501
156043625
156043750
156043875
156044000
156044125
156044250
156044375
156044501
156044625
156044750
156044875
156045000
156045125
156045250
156045375
156045500
156045625
156045750
156045875
156046000
156046125
156046250
156046375
156046501
156046625
156046750
156046876
156047001
156047125
156047250
156047375
156047500
156047625
156047750
156047875
156048000
156048125
156048250
156048375
156048500
156048625
156048750
156048875
156049000
156049125
156049250
156049375
156049500
156049625
156049750
156049875
156050000
156050125
156050250
156050375
156050500
156050625
156050750
156050875
156051000
156051125
156051250
156051376
156051500
156051625
156051750
156051876
156052001
156052125
156052250
156052375
156052500
156052625
156052750
156052875
156053000
156053125
156053250
156053375
156053500
156053625
156053751
156053875
156054000
156054125
156054250
156054375
156054500
156054625
156054750
156054875
156055000
156055125
156055250
156055375
156055500
156055625
156055750
156055875
156056000
156056125
156056250
156056375
156056500
156056626
156056750
156056875
156057000
156057126
156057250
156057375
156057500
156057625
156057750
156057875
156058000
156058126
156058250
156058375
156058501
156058625
156058750
156058875
156059000
156059125
156059250
156059375
156059500
156059625
156059750
156059876
156060000
156060125
156060250
156060376
156060500
156062125
156062250
156062376
156062501
156062625
156062751
156062875
156063000
156063125
156063250
156063375
156063500
156063625
156063750
156063875
156064000
156064125
156064250
156064375
156064500
156064625
156064750
156064875
156065000
156065125
156065251
156065375
156065500
156065625
156065750
156065875
156066000
156066125
156066250
156066375
156066501
156066625
156066750
156066875
156067000
156067125
156067250
156067375
156067500
156067626
156067751
156067875
156068000
156068125
156068251
156068376
156068500
156068625
156068750
156068875
156069000
156069125
156069250
156069375
156069500
156069625
156069750
156069875
156070001
156070125
156070250
156070375
156070500
156070625
156070750
156070875
156071001
156071125
156071250
156071375
156071500
156071625
156071751
156071875
156072000
156072125
156072250
156072375
156072500
156072625
156072750
156072875
156073000
156073125
156073250
156073375
156073501
156073625
156073751
156073875
156074000
156074125
156074250
156074375
156074501
156074625
156074750
156074875
156075000
156075125
156075250
156075375
156075500
156075625
156075750
156075875
156076000
156076125
156076251
156076375
156076500
156076625
156076750
156076875
156077000
156077126
156077250
156077376
156077500
156077625
156077750
156077875
156078000
156078125
156078250
156078375
156078500
156078625
156078750
156078875
156079000
156079126
156079251
156079375
156079500
156079625
156079750
156079875
156080000
156080125
156080250
156080375
156080501
156080625
156080750
156080875
156081000
156081125
156081250
156081375
156081500
156081626
156081751
156081875
156082000
156082125
156082250
156082375
156082500
156082625
156082750
156082875
156083000
156083125
156083250
156083375
156083500
156083625
156083751
156083875
156084001
156084125
156084250
156084375
156084500
156084625
156084750
156084875
156085000
156085125
156085250
156085375
156085500
156085625
156085750
156085875
156086000
156086125
156086250
156086375
156086500
156086625
156086750
156086875
156087000
156087125
156087250
156087375
156087500
156087625
156087750
156087875
156088000
156088125
156088251
156088376
156088500
156088625
156088750
156088875
156089000
156089125
156089250
156089375
156089501
156089625
156089750
156089875
156090000
156090125
156090250
156090375
156090501
156091625
156091750
156091875
156092000
156092125
156092251
156092375
156092500
156092625
156092750
156092875
156093001
156093125
156093250
156093375
156093500
156093625
156093750
156093875
156094000
156094125
156094250
156094375
156094500
156094625
156094750
156094875
156095001
156095125
156095250
156095375
156095500
156098001
156098125
156098250
156098375
156098501
156098625
156098750
156098875
156099001
156099126
156099250
156099375
156099500
156099625
156099750
156099875
156100000
156100125
156100250
156100375
156100500
156100625
156100750
156100875
156101000
156101125
156101251
156101375
156101501
156101625
156101750
156101875
156102000
156102125
156102250
156102375
156102500
156102625
156102750
156102875
156103000
156103125
156103250
156103375
156103501
156103625
156103750
156103875
156104000
156104125
156104250
156104376
156104500
156104625
156104750
156104876
156105000
156105125
156105250
156105375
156105500
156105625
156105750
156105876
156106000
156106125
156106250
156106375
156106500
156106625
156106750
156106876
156107000
156107126
156107250
156107375
156107500
156107625
156107750
156107876
156108000
156108126
156108251
156108375
156108500
156108625
156108750
156108875
156109000
156109125
156109251
156109375
156109500
156109625
156109750
156109875
156110000
156110125
156110250
156110375
156110500
156110625
156110750
156110875
156111000
156111125
156111250
156111375
156111500
156111625
156111750
156111875
156112000
156112125
156112250
156112375
156112500
156112625
156112750
156112876
156113000
156113125
156113250
156113375
156113500
156113625
156113750
156113875
156114000
156114125
156114251
156114375
156114501
156114625
156114750
156114875
156115000
156115125
156115250
156115375
156115500
156115625
156115755
156115876
156116000
156116125
156116250
156116376
156116500
156116625
156116750
156116875
156117000
156117125
156117251
156117375
156117500
156117625
156117750
156117875
156118001
156118125
156118250
156118375
156118500
156118626
156118750
156118875
156119000
156119126
156119251
156119375
156119500
156119625
156119750
156119875
156120000
156120125
156120250
156120375
156120500
156120625
156120750
156120875
156121000
156121125
156121250
156121375
156121500
156121625
156121751
156121875
156122000
156122126
156122250
156122375
156122500
156122625
156122750
156122875
156123000
156123125
156123250
156123375
156123500
156123626
156123750
156123875
156124000
156124125
156124251
156124375
156124500
156124625
156124750
156124875
156125000
156125125
156125250
156125375
156125500
156125625
156125750
156125875
156126000
156126125
156126250
156126375
156126500
156126625
156126750
156126875
156127001
156127126
156127250
156127375
156127500
156127625
156127750
156127875
156128000
156128125
156128250
156128375
156128500
156128625
156128750
156128875
156129000
156129125
156129250
156129375
156129500
156129625
156129750
156129875
156130000
156130126
156130251
156130375
156130500
156130625
156130750
156130875
156131000
156131125
156131250
156131375
156131500
156131625
156131750
156131875
156132000
156132126
156132250
156132375
156132500
156132625
156132751
156132875
156133000
156133125
156133250
156133375
156133500
156133625
156133750
156133875
156134000
156134125
156134250
156134375
156134500
156134625
156134750
156134875
156135000
156135125
156135250
156135375
156135500
156135625
156135750
156135875
156136000
156136125
156136251
156136375
156136500
156136625
156136751
156136875
156137000
156137125
156137250
156137375
156137500
156137625
156137750
156137875
156138000
156138125
156138250
156138375
156138501
156138625
156138750
156138875
156139000
156139125
156139250
156139375
156139501
156139625
156139750
156139876
156140001
156140125
156140250
156140375
156140500
156140625
156140751
156140875
156141000
156141125
156141251
156141375
156141500
156141625
156141750
156141875
156142000
156142125
156142250
156142375
156142500
156142625
156142750
156142875
156143000
156143125
156143250
156143375
156143500
156143625
156143751
156143875
156144000
156144125
156144251
156144375
156144500
156144625
156144750
156144875
156145000
156145125
156145250
156145375
156145501
156145625
156145750
156145875
156146000
156146125
156146250
156146376
156146500
156146625
156146750
156146876
156147000
156147125
156147251
156147375
156147500
156147630
156147751
156147875
156148000
156148125
156148250
156148375
156148500
156148625
156148750
156148875
156149000
156149125
156149250
156149375
156149500
156149625
156149750
156149875
156150000
156150125
156150250
156150375
156150500
156150625
156150750
156150875
156151000
156151125
156151250
156151375
156151500
156151625
156151750
156151876
156152000
156152125
156152250
156152375
156152500
156152625
156152751
156152875
156153000
156153125
156153250
156153375
156153500
156153625
156153750
156153875
156154000
156154125
156154250
156154375
156154500
156154625
156154751
156154875
156155000
156155126
156155250
156155375
156155500
156155625
156155750
156155875
156156000
156156125
156156250
156156375
156156500
156156625
156156750
156156875
156157000
156157125
156157250
156157375
156157500
156157625
156157750
156157875
156158000
156158125
156158250
156158375
156158500
156158625
156158750
156158875
156159000
156159125
156159250
156159375
156159500
156159625
156159751
156159876
156160000
156160125
156160250
156160375
156160500
156160625
156160751
156160875
156161000
156161125
156161250
156161375
156161500
156161625
156161750
156161875
156162000
156162125
156162250
156162376
156162500
156162625
156162750
156162875
156163000
156163125
156163251
156163375
156163501
156163625
156163750
156163875
156164000
156164125
156164250
156164375
156164500
156164625
156164751
156164876
156165001
156165125
156165250
156165375
156165500
156165625
156165750
156165875
156166000
156166126
156166250
156166375
156166500
156166625
156166750
156166875
156167000
156167125
156167250
156167375
156167500
156167625
156167750
156167875
156168000
156168125
156168250
156168375
156168501
156168625
156168750
156168875
156169000
156169125
156169250
156169375
156169500
156169625
156169750
156169875
156170001
156170125
156170250
156170375
156170500
156170625
156170750
156170875
156171000
156171125
156171250
156171375
156171500
156171625
156171751
156171875
156172000
156172125
156172250
156172375
156172500
156172625
156172750
156172875
156173000
156173125
156173251
156173375
156173500
156173625
156173750
156173875
156174000
156174126
156174251
156174375
156174500
156174625
156174751
156174875
156175000
156175126
156175250
156175375
156175500
156175625
156175750
156175876
156176000
156176126
156176250
156176375
156176501
156176625
156176750
156176875
156177000
156177125
156177250
156177375
156177500
156177625
156177750
156177875
156178000
156178125
156178250
156178375
156178500
156178625
156178750
156178875
156179000
156179125
156179250
156179375
156179500
156179625
156179750
156179875
156180000
156180125
156180250
156180375
156180500
156180626
156180751
156180876
156181001
156181125
156181250
156181376
156181500
156181625
156181750
156181875
156182000
156182126
156182250
156182375
156182500
156182625
156182750
156182875
156183000
156183126
156183250
156183375
156183500
156183625
156183750
156183875
156184000
156184125
156184250
156184376
156184500
156184625
156184750
156184875
156185000
156185125
156185250
156185375
156185500
156185625
156185750
156185875
156186000
156186125
156186250
156186375
156186501
156186626
156186750
156186875
156187000
156187126
156187251
156187375
156187500
156187625
156187750
156187875
156188000
156188125
156188250
156188375
156188500
156188626
156188750
156188875
156189000
156189125
156189250
156189375
156189500
156189626
156189750
156189875
156190125
156190250
156190375
156190500
156190625
156190750
156192250
156192375
156192501
156192625
156192750
156192875
156193000
156193125
156193250
156193375
156193500
156193625
156193750
156193875
156194000
156194125
156194250
156194375
156194500
156194625
156194751
156194875
156195001
156195125
156195250
156195375
156195500
156195625
156195750
156195875
156196000
156196125
156196250
156196375
156196500
156196626
156196751
156196875
156197000
156197125
156197250
156197375
156197500
156197625
156197750
156197875
156198000
156198125
156198250
156198375
156198500
156198625
156198750
156198875
156199001
156199125
156199250
156199376
156199501
156199625
156199750
156199875
156200000
156200125
156200250
156200375
156200500
156200626
156200751
156200875
156201000
156201125
156201250
156201375
156201500
156201625
156201750
156201875
156202000
156202125
156202250
156202375
156202500
156202625
156202750
156202875
156203001
156203125
156203250
156203375
156203500
156203626
156203750
156203875
156204000
156204125
156204250
156204375
156204501
156204625
156204751
156204875
156205000
156205125
156205250
156205375
156205500
156205625
156205750
156205875
156206000
156206125
156206250
156206375
156206500
156206625
156206750
156206876
156207000
156207125
156207250
156207375
156207501
156207625
156207751
156207875
156208000
156208125
156208250
156208375
156208500
156208625
156208750
156208875
156209000
156209125
156209250
156209375
156209500
156209625
156209751
156209875
156210000
156210126
156210250
156210375
156210500
156210625
156210750
156210875
156211000
156211125
156211250
156211376
156211500
156211625
156211750
156211875
156212000
156212125
156212251
156212375
156212500
156212625
156212750
156212875
156213000
156213125
156213250
156213375
156213500
156213625
156213751
156213875
156214000
156214125
156214250
156214375
156214500
156214625
156214750
156214875
156215000
156215125
156215250
156215375
156215500
156215625
156215750
156216250
156216375
156216500
156216625
156216750
156216875
156217000
156217125
156217250
156217375
156217501
156217625
156217750
156217875
156218001
156218125
156218250
156218375
156218500
156218625
156218750
156218875
156219000
156219125
156219250
156219375
156219500
156219625
156219750
156219875
156220000
156220125
156220250
156220375
156220500
156220625
156220750
156220875
156221000
156221125
156221250
156221375
156221500
156221625
156221750
156221875
156222000
156222125
156222250
156222375
156222500
156222625
156222750
156222875
156223000
156223125
156223250
156223375
156223500
156223625
156223751
156223875
156224000
156224125
156224250
156224375
156224500
156224626
156224750
156224876
156225000
156225125
156225250
156225375
156225500
156225625
156225750
156225875
156226000
156226125
156226250
156226375
156226500
156226625
156226750
156226876
156227001
156227125
156227250
156227375
156227500
156227625
156227750
156227875
156228001
156228125
156228250
156228375
156228500
156228625
156228750
156228875
156229000
156229125
156229250
156229375
156229500
156229625
156229751
156229875
156230000
156230125
156230250
156230375
156230501
156230625
156230750
156230875
156231000
156231125
156231251
156231375
156231500
156231625
156231750
156231875
156232001
156232125
156232250
156232375
156232500
156232625
156232750
156232875
156233000
156233126
156233250
156233375
156233500
156233625
156233751
156233875
156234000
156234125
156234250
156234375
156234501
156234625
156234750
156234875
156235000
156235125
156235250
156235375
156235500
156235625
156235750
156235875
156236000
156236126
156236250
156236375
156236500
156236625
156236750
156236875
156237000
156237125
156237250
156237376
156237500
156237625
156237750
156237875
156238001
156238125
156238250
156238375
156238500
156238625
156238750
156238876
156239001
156239125
156239250
156239375
156239500
156239625
156239751
156239875
156240000
156240125
156240250
156240375
156240501
156240625
156240750
156240875
156241000
156241125
156241251
156241375
156241500
156241625
156241750
156241875
156242000
156242125
156242250
156242375
156242500
156242625
156242750
156242876
156243000
156243125
156243250
156243375
156243500
156243625
156243750
156243875
156244000
156244125
156244250
156244375
156244500
156244626
156244750
156244875
156245000
156245125
156245250
156245375
156245500
156245625
156245751
156245875
156246001
156246125
156246250
156246375
156246500
156246625
156246750
156246875
156247000
156247125
156247250
156247375
156247500
156247625
156247751
156247875
156248000
156248125
156248250
156248375
156248500
156248625
156248750
156248875
156249000
156249125
156249250
156249375
156249500
156249625
156249750
156249875
156250000
156250125
156250250
156250376
156250501
156250626
156250750
156250875
156251000
156251125
156251250
156251375
156251500
156251625
156251750
156251875
156252000
156252125
156252250
156252375
156252500
156252625
156252750
156252875
156253000
156253127
156253250
156253375
156253500
156253625
156253750
156253875
156254001
156254125
156254250
156254375
156254500
156254625
156254750
156254875
156255001
156255125
156255250
156255375
156255500
156255625
156255750
156255875
156256000
156256125
156256250
156256375
156256500
156256625
156256750
156256875
156257001
156257125
156257250
156257375
156257500
156257625
156257750
156257875
156258000
156258125
156258250
156258375
156258500
156258626
156258750
156258875
156259000
156259125
156259251
156259375
156259500
156259625
156259750
156259875
156260000
156260125
156260250
156260375
156260500
156260625
156260750
156260875
156261001
156261125
156261250
156261375
156261500
156261625
156261750
156261875
156262000
156262125
156262250
156262375
156262500
156262625
156262750
156262875
156263000
156263125
156263250
156263375
156263500
156263626
156263751
156263875
156264000
156264125
156264250
156264375
156264500
156264626
156264750
156264875
156265000
156265125
156265250
156265375
156265500
156265625
156265750
156265875
156266000
156266126
156266250
156266376
156266501
156266625
156266750
156266875
156267000
156267125
156267250
156267375
156267500
156267625
156267750
156267875
156268000
156268125
156268250
156268375
156268500
156268625
156268750
156268875
156269000
156269125
156269250
156269375
156269500
156269625
156269750
156269875
156270000
156270126
156270251
156270375
156270500
156270625
156270750
156270875
156271001
156271125
156271251
156271375
156271501
156271625
156271750
156271875
156272000
156272125
156272250
156272375
156272500
156272625
156272750
156272876
156273000
156273125
156273250
156273375
156273500
156273625
156273750
156273876
156274001
156274125
156274250
156274375
156274500
156274625
156274750
156274875
156275000
156275125
156275250
156275375
156275500
156275625
156275750
156275875
156276000
156276125
156276250
156276375
156276500
156276625
156276750
156276875
156277000
156277125
156277250
156277375
156277500
156277625
156277750
156277875
156278000
156278125
156278250
156278375
156278500
156278625
156278750
156278875
156279000
156279125
156279250
156279375
156279500
156279626
156279750
156279875
156280000
156280125
156280250
156280375
156280500
156280625
156280750
156280875
156281000
156281125
156281250
156281375
156281500
156281625
156281750
156281876
156282000
156282125
156282250
156282375
156282500
156282625
156282750
156282875
156283000
156283125
156283250
156283375
156283500
156283625
156283750
156283875
156284000
156284125
156284250
156284375
156284500
156284625
156284750
156284875
156285000
156285125
156285251
156285375
156285500
156285626
156285750
156285875
156287625
156287750
156287875
156288000
156288126
156288251
156288375
156288500
156288625
156288751
156288875
156289000
156289125
156289250
156289375
156289500
156289625
156289750
156289875
156290001
156290125
156290250
156290375
156290500
156290625
156290750
156290875
156291000
156291125
156291250
156291375
156291500
156291625
156291750
156291875
156292000
156292125
156292250
156292375
156292501
156292625
156292750
156292875
156293000
156293125
156293250
156293375
156293500
156293625
156293750
156293875
156294000
156294125
156294250
156294376
156294500
156294625
156294750
156294875
156295001
156295125
156295250
156295375
156295500
156295625
156295750
156295875
156296001
156296125
156296250
156296375
156296500
156296626
156296750
156296875
156297000
156297125
156297250
156297375
156297501
156297626
156297750
156297875
156298000
156298125
156298250
156298375
156298500
156298625
156298751
156298875
156299000
156299125
156299250
156299375
156299500
156299625
156299750
156299875
156300000
156300125
156300250
156300376
156300500
156300625
156300750
156300876
156301000
156301125
156301250
156301375
156301500
156301625
156301751
156301875
156302000
156302126
156302251
156302375
156302500
156302625
156302750
156302875
156303000
156303125
156303250
156303375
156303500
156303625
156303750
156303875
156304000
156304125
156304250
156304375
156304500
156304625
156304750
156304875
156305000
156305125
156305250
156305375
156305500
156305625
156305750
156305875
156306000
156306125
156306250
156306375
156306500
156306625
156306750
156306875
156307000
156307125
156307250
156307375
156307500
156307625
156307750
156307875
156308000
156308125
156308250
156308375
156308501
156308625
156308750
156308875
156309000
156309125
156309250
156309375
156309500
156309625
156309750
156309875
156310000
156310125
156310250
156310375
156310500
156310625
156310750
156310875
156311000
156311125
156311251
156311375
156311500
156311625
156311750
156311876
156312001
156312125
156312250
156312375
156312500
156312625
156312750
156312875
156313001
156313125
156313250
156313375
156313500
156313625
156313750
156313876
156314000
156314126
156314250
156314375
156314500
156314625
156314751
156314875
156315000
156315125
156315250
156315376
156315500
156315625
156315750
156315875
156316000
156316126
156316250
156316375
156316500
156316626
156316751
156316875
156317000
156317125
156317251
156317375
156317500
156317625
156317750
156317875
156318000
156318125
156318250
156318375
156318500
156318625
156318751
156318875
156319000
156319125
156319251
156319375
156319500
156319625
156319750
156319875
156320000
156320125
156320250
156320375
156320501
156320625
156320750
156320875
156321000
156321125
156321250
156321375
156321500
156321625
156321751
156321875
156322000
156322125
156322250
156322375
156322501
156322625
156322750
156322875
156323000
156323125
156323250
156323375
156323500
156323625
156323750
156323875
156324000
156324125
156324250
156324375
156324500
156324625
156324750
156324875
156325000
156325125
156325250
156325375
156325500
156325625
156325750
156325875
156326000
156326125
156326250
156326376
156326501
156326625
156326750
156326875
156327000
156327125
156327250
156327375
156327500
156327625
156327750
156327875
156328000
156328125
156328250
156328375
156328500
156328625
156328750
156328875
156329000
156329125
156329250
156329375
156329500
156329625
156329750
156329875
156330000
156330125
156330250
156330375
156330500
156330625
156330750
156330876
156331000
156331125
156331250
156331375
156331500
156331625
156331750
156331875
156332000
156332125
156332250
156332375
156332500
156332625
156332750
156332875
156333001
156333125
156333250
156333375
156333500
156333625
156333750
156333875
156334000
156334126
156334250
156334375
156334500
156334625
156334751
156334875
156335000
156335125
156335250
156335375
156335500
156335625
156335750
156335875
156336000
156336125
156336250
156336375
156336500
156336625
156336750
156336875
156337000
156337125
156337250
156337376
156337500
156337626
156337750
156337876
156338001
156338125
156338251
156338376
156338501
156338626
156338750
156338875
156339000
156339125
156339250
156339375
156339500
156339625
156339750
156339876
156340000
156340125
156340250
156340376
156340500
156340625
156340750
156340875
156341000
156341125
156341250
156341375
156341501
156341625
156341750
156341875
156342000
156342126
156342250
156342375
156342500
156342626
156342750
156342875
156343000
156343125
156343250
156343375
156343500
156343625
156343750
156343875
156344000
156344125
156344250
156344375
156344500
156344625
156344750
156344875
156345000
156345126
156345250
156345375
156345500
156345625
156345750
156345875
156346000
156346125
156346250
156346375
156346500
156346626
156346750
156346875
156347000
156347126
156347251
156347375
156347501
156347625
156347750
156347875
156348000
156348125
156348251
156348375
156348500
156348625
156348750
156348875
156349000
156349125
156349250
156349375
156349500
156349625
156349750
156349875
156350000
156350125
156350250
156350375
156350500
156350625
156350750
156350875
156351000
156352375
156352500
156352625
156352750
156352875
156353000
156353125
156353250
156353375
156353500
156353625
156353750
156353875
156354000
156354125
156354250
156354375
156354500
156354626
156354751
156354875
156355000
156355125
156355250
156355375
156355500
156355626
156355751
156355875
156356000
156356125
156356251
156356375
156356501
156356626
156356750
156356875
156357000
156357125
156357250
156357375
156357500
156357625
156357750
156357875
156358000
156358125
156358250
156358375
156358501
156358626
156358751
156358875
156359001
156359125
156359250
156359375
156359501
156359625
156359750
156359875
156360000
156360125
156360250
156360375
156360501
156360626
156360750
156360875
156361000
156361125
156361250
156361375
156361500
156361626
156361751
156361875
156362000
156362125
156362250
156362375
156362500
156362625
156362750
156362876
156363001
156363125
156363250
156363375
156363500
156363625
156363750
156363875
156364000
156364125
156364250
156364375
156364500
156364625
156364750
156364875
156365000
156365126
156365250
156365375
156365500
156365625
156365751
156365875
156366000
156366125
156366250
156366375
156366501
156366625
156366750
156366875
156367000
156367125
156367250
156367375
156367501
156367625
156367751
156367875
156368000
156368125
156368250
156368375
156368500
156368625
156368750
156368876
156369000
156369125
156369250
156369375
156369501
156369625
156369750
156369875
156370001
156370125
156370250
156370375
156370500
156370625
156370750
156370875
156371000
156371125
156371250
156371376
156371500
156371625
156371750
156371883
156372000
156372125
156372250
156372376
156372501
156372626
156372750
156372875
156373000
156373125
156373250
156373375
156373500
156373625
156373750
156373875
156374000
156374126
156374251
156374375
156374500
156374625
156374750
156374875
156375000
156375125
156375251
156375375
156375501
156375625
156375751
156375876
156376001
156376125
156376250
156376375
156376500
156376625
156376750
156376875
156377000
156377125
156377250
156377375
156377500
156377625
156377750
156377876
156378000
156378125
156378250
156378375
156378501
156378625
156378750
156378875
156379000
156379125
156379250
156379375
156379500
156379625
156379750
156379876
156380000
156380125
156380250
156380375
156380500
156380625
156380751
156380875
156381000
156381125
156381250
156381375
156381501
156381625
156381750
156381875
156382000
156382126
156382250
156382375
156382500
156382625
156382750
156382875
156383000
156383125
156383250
156383375
156383500
156383625
156383750
156383875
156384000
156384126
156384251
156384376
156384500
156384626
156384750
156384875
156385000
156385125
156385250
156385375
156385500
156385625
156385750
156385875
156386000
156386125
156386250
156386375
156386500
156386626
156386750
156386875
156387000
156387125
156387251
156387376
156387500
156387625
156387750
156387875
156388000
156388125
156388250
156388375
156388500
156388625
156388750
156388875
156389000
156389126
156389250
156389375
156389500
156389625
156389750
156389875
156390001
156390125
156390250
156390375
156390500
156390625
156390750
156390875
156391000
156391125
156391250
156391375
156391500
156391625
156391750
156391876
156392001
156392125
156392250
156392375
156392500
156392625
156392750
156392875
156393000
156393125
156393251
156393375
156393501
156393625
156393750
156393875
156394001
156394125
156394250
156394375
156394500
156394625
156394750
156394875
156395000
156395125
156395250
156395375
156395500
156395625
156395750
156395875
156396000
156396125
156396250
156396375
156396500
156396625
156396750
156396875
156397000
156397125
156397250
156397375
156397500
156397625
156397751
156397875
156398000
156398125
156398250
156398375
156398500
156398625
156398750
156398875
156399000
156399125
156399250
156399376
156399500
156399625
156399750
156399875
156400000
156400125
156400250
156400375
156400501
156400625
156400750
156400875
156401000
156401125
156401250
156401375
156401500
156401625
156401751
156401875
156402000
156402125
156402250
156402375
156402500
156402625
156402750
156402875
156403000
156403125
156403251
156403375
156403501
156403625
156403750
156403875
156404000
156404125
156404251
156404375
156404500
156404625
156404751
156404875
156405000
156405125
156405251
156405375
156405500
156405625
156405750
156405875
156406000
156406125
156406250
156406375
156406500
156406625
156406750
156406875
156407000
156407125
156407250
156407375
156407500
156407625
156407751
156407875
156408001
156408125
156408250
156408375
156408500
156408625
156408750
156408875
156409000
156409125
156409250
156409375
156409500
156409626
156409750
156409875
156410000
156410125
156410250
156410375
156410500
156410626
156410750
156410875
156411000
156411126
156411251
156411375
156411500
156411625
156411750
156411875
156412000
156412125
156412250
156412375
156412501
156412625
156412750
156412875
156413000
156413125
156413250
156413375
156413500
156413625
156413750
156413875
156414001
156414125
156414250
156414376
156414500
156414625
156414750
156414875
156415000
156415125
156415250
156415375
156415500
156415625
156415750
156415875
156416000
156416125
156416250
156416375
156416500
156416625
156416750
156416875
156417000
156417125
156417250
156417375
156417500
156417625
156417750
156417875
156418000
156418125
156418250
156418376
156418501
156418625
156418751
156418875
156419000
156419125
156419250
156419375
156419500
156419625
156419750
156419876
156420001
156420125
156420250
156420375
156420500
156420626
156420751
156420875
156421000
156421125
156421251
156421375
156421500
156421626
156421750
156421875
156422000
156422125
156422250
156422375
156422500
156422625
156422750
156422875
156423000
156423125
156423250
156423375
156423501
156423626
156423751
156423875
156424000
156424125
156424251
156424376
156424500
156424625
156424750
156424875
156425000
156425125
156425251
156425375
156425500
156425625
156425750
156425875
156426001
156426125
156426250
156426375
156426500
156426625
156426750
156426876
156427001
156427126
156427251
156427375
156427500
156427625
156427750
156427875
156428000
156428125
156428250
156428375
156428500
156428625
156428750
156428875
156429000
156429125
156429251
156429375
156429500
156429625
156429750
156429875
156430000
156430125
156430250
156430375
156430500
156430625
156430750
156430875
156431000
156431125
156431250
156431376
156431500
156431625
156431750
156431875
156432000
156432125
156432250
156432375
156432500
156432625
156432751
156432875
156433000
156433125
156433250
156433375
156433500
156433625
156433750
156433875
156434001
156434125
156434250
156434375
156434500
156434625
156434751
156434875
156435000
156435125
156435250
156435375
156435500
156435625
156435750
156435875
156436000
156436125
156436250
156436375
156436500
156436625
156436750
156436875
156437000
156437125
156437250
156437375
156437500
156437625
156437750
156437875
156438000
156438125
156438250
156438375
156438501
156438625
156438750
156438875
156439000
156439125
156439250
156439375
156439501
156439625
156439750
156439875
156440000
156440125
156440250
156440375
156440500
156440626
156440750
156440876
156441000
156441126
156441251
156441375
156441500
156441625
156441750
156441875
156442000
156442125
156442250
156442375
156442500
156442625
156442750
156442875
156443000
156443125
156443251
156443375
156443500
156443625
156443750
156443876
156444000
156444125
156444250
156444375
156444500
156444633
156444750
156444875
156445001
156445125
156445250
156445375
156445500
156445625
156445751
156445875
156446000
156446125
156446250
156446375
156446501
156446626
156446750
156446875
156447000
156447125
156447250
156447375
156447500
156447625
156447750
156447875
156448000
156448125
156448251
156448376
156448500
156448626
156448750
156448875
156449000
156449125
156449251
156449375
156449500
156449625
156449750
156449875
156450000
156450125
156450250
156450375
156450501
156450625
156450751
156450875
156451000
156451125
156451250
156451375
156451500
156451625
156451750
156451876
156452001
156452126
156452251
156452375
156452500
156452625
156452750
156452875
156453000
156453125
156453251
156453375
156453500
156453625
156453751
156453875
156454000
156454125
156454250
156454375
156454500
156454625
156454750
156454875
156455000
156455125
156455250
156455375
156455500
156455625
156455750
156455875
156456000
156456126
156456251
156456375
156456500
156456625
156456750
156456875
156457000
156457125
156457250
156457375
156457500
156457625
156457750
156457875
156458000
156458125
156458251
156458375
156458500
156458625
156458750
156458876
156459000
156459125
156459250
156459375
156459500
156459625
156459750
156459876
156460000
156460125
156460250
156460375
156460500
156460625
156460750
156460875
156461000
156461125
156461250
156461375
156461500
156461625
156461750
156461875
156462001
156462125
156462250
156462375
156462500
156462625
156462750
156462875
156463000
156463125
156463250
156463375
156463500
156463625
156463750
156463875
156464000
156464125
156464251
156464375
156464500
156464625
156464750
156464875
156465000
156465126
156465251
156465375
156465500
156465625
156465750
156465875
156466000
156466125
156466250
156466375
156466501
156466625
156466750
156466875
156467000
156467125
156467250
156467375
156467500
156467625
156467750
156467875
156468000
156468125
156468251
156468375
156468500
156468625
156468750
156468875
156469000
156469125
156469250
156469375
156469501
156469625
156469750
156469875
156470000
156470125
156470250
156470375
156470500
156470625
156470750
156470875
156471000
156471125
156471250
156471375
156471500
156471625
156471750
156471875
156472000
156472125
156472250
156472375
156472500
156472625
156472751
156472875
156473000
156473125
156473250
156473375
156473500
156473625
156473750
156473876
156474001
156474125
156474250
156474375
156474500
156474625
156474750
156474875
156475000
156475126
156475250
156475376
156475500
156475626
156475750
156475875
156476000
156476125
156476250
156476375
156476500
156476625
156476750
156476875
156477000
156477125
156477251
156477375
156477501
156477625
156477750
156477875
156478000
156478125
156478250
156478375
156478500
156478625
156478750
156478875
156479000
156479125
156479250
156479375
156479500
156479625
156479750
156479875
156480000
156480125
156480250
156480375
156480500
156480625
156480750
156480875
156481000
156481125
156481250
156481376
156481501
156481625
156481750
156481875
156482001
156482125
156482250
156482375
156482500
156482625
156482750
156482876
156483000
156483125
156483250
156483375
156483500
156483625
156483751
156483875
156484000
156484125
156484251
156484375
156484500
156484625
156484750
156484876
156485000
156485125
156485250
156485375
156485500
156485625
156485750
156485875
156486000
156486125
156486250
156486376
156486500
156486625
156486751
156486875
156487000
156487125
156487250
156487375
156487500
156487625
156487750
156487876
156488000
156488125
156488250
156488375
156488500
156488625
156488750
156488875
156489000
156489125
156489250
156489375
156489500
156489626
156489751
156489875
156490000
156490125
156490250
156490375
156490500
156490625
156490751
156490876
156491000
156491125
156491250
156491375
156491500
156491625
156491751
156491876
156492000
156492126
156492250
156492375
156492500
156492625
156492750
156492875
156493000
156493126
156493251
156493375
156493500
156493625
156493750
156493875
156494000
156494125
156494250
156494375
156494500
156494625
156494750
156494875
156495000
156495125
156495250
156495375
156495500
156495625
156495750
156495875
156496000
156496125
156496250
156496375
156496500
156496625
156496750
156496875
156497000
156497125
156497250
156497375
156497500
156497625
156497750
156497875
156498000
156498125
156498250
156498375
156498501
156498625
156498750
156498875
156499001
156499125
156499251
156499375
156499500
156499625
156499750
156499875
156500000
156500125
156500250
156500375
156500500
156500625
156500750
156500875
156501000
156501125
156501250
156501375
156501500
156501625
156501750
156501876
156502001
156502125
156502250
156502375
156502500
156502625
156502752
156502875
156503000
156503125
156503250
156503375
156503500
156503625
156503750
156503876
156504000
156504125
156504250
156504375
156504500
156504625
156504750
156504875
156505000
156505126
156505250
156505375
156505500
156505625
156505750
156505875
156506000
156506125
156506250
156506375
156506501
156506625
156506750
156506875
156507000
156507125
156507250
156507375
156507501
156507625
156507750
156507875
156508000
156508125
156508250
156508375
156508500
156508625
156508751
156508875
156509000
156509125
156509250
156509375
156509500
156509625
156509750
156509875
156510000
156510125
156510250
156510375
156510500
156510625
156510750
156510875
156511000
156511125
156511250
156511375
156511501
156511625
156511751
156511876
156512000
156512125
156512250
156512376
156512500
156512625
156512750
156512875
156513000
156513125
156513250
156513375
156513500
156513625
156513751
156513876
156514001
156514125
156514250
156514375
156514501
156514625
156514750
156514875
156515000
156515125
156515250
156515375
156515501
156515625
156515750
156515875
156516001
156516125
156516250
156516375
156516500
156516625
156516750
156516875
156517000
156517125
156517250
156517376
156517500
156517625
156517751
156517875
156518000
156518125
156518250
156518375
156518500
156518625
156518750
156518875
156519000
156519125
156519250
156519375
156519500
156519625
156519750
156519875
156520000
156520125
156520250
156520375
156520501
156520626
156520750
156520875
156521000
156521125
156521250
156521375
156521500
156521625
156521750
156521875
156522000
156522125
156522250
156522376
156522501
156522625
156522750
156522875
156523000
156523125
156523250
156523376
156523501
156523625
156523750
156523875
156524001
156524125
156524250
156524375
156524500
156524625
156524750
156524875
156525000
156525125
156525250
156525376
156525500
156525625
156525750
156525875
156526000
156526126
156526250
156526375
156526500
156526625
156526750
156526875
156527000
156527125
156527250
156527375
156527500
156527625
156527751
156527876
156528001
156528125
156528250
156528376
156528501
156528625
156528750
156528875
156529000
156529125
156529250
156529375
156529500
156529625
156529750
156529875
156530001
156530126
156530251
156530375
156530500
156530625
156530750
156530875
156531000
156531125
156531250
156531375
156531500
156531625
156531750
156531875
156532000
156532125
156532251
156532375
156532500
156532625
156532750
156532875
156533000
156533125
156533250
156533375
156533500
156533625
156533750
156533875
156534001
156534125
156534250
156534375
156534500
156534625
156534750
156534875
156535001
156535125
156535250
156535376
156535500
156535625
156535751
156535875
156536000
156536126
156536250
156536375
156537750
156537876
156538000
156538125
156538250
156538375
156538500
156538625
156538750
156538875
156539000
156539125
156539250
156539375
156539500
156539625
156539750
156539875
156540000
156540125
156540250
156540375
156540500
156540625
156540750
156540875
156541000
156541125
156541250
156541375
156541500
156541625
156541751
156541875
156542000
156542125
156542250
156542375
156542500
156542625
156542750
156542875
156543000
156543125
156543251
156543375
156543500
156543625
156543750
156543875
156544000
156544125
156544250
156544375
156544501
156544625
156544750
156544875
156545000
156545125
156545250
156545375
156545500
156545625
156545750
156545876
156546000
156546125
156546250
156546375
156546500
156546625
156546750
156546875
156547000
156547125
156547250
156547375
156547500
156547625
156547750
156547875
156548000
156548125
156548250
156548375
156548500
156548625
156548750
156548875
156549000
156549125
156549250
156549375
156549500
156549625
156549750
156549875
156550000
156550126
156550250
156550375
156550501
156550625
156550750
156550875
156551000
156551125
156551250
156551375
156551500
156551625
156551750
156551875
156552000
156552125
156552250
156552375
156552501
156552625
156552750
156552875
156553000
156553125
156553250
156553375
156553500
156553625
156553750
156553875
156554000
156554126
156554251
156554375
156554500
156554625
156554750
156554875
156555001
156555125
156555250
156555375
156555500
156555625
156555751
156555875
156556000
156556125
156556250
156556375
156556500
156556625
156556750
156556875
156557000
156557125
156557250
156557375
156557500
156557625
156557750
156557875
156558000
156558125
156558250
156558375
156558500
156558625
156558750
156558876
156559001
156559125
156559250
156559375
156559500
156559625
156559750
156559875
156560000
156560125
156560250
156560375
156560500
156560626
156560750
156560875
156561000
156561125
156561250
156561375
156561500
156561625
156561750
156561875
156562001
156562125
156562250
156562375
156562500
156562625
156562750
156562875
156563000
156563125
156563250
156563375
156563500
156563625
156563750
156563875
156564000
156564125
156564250
156564376
156564500
156564625
156564750
156564875
156565000
156565125
156565250
156565375
156565500
156565625
156565750
156565875
156566001
156566125
156566250
156566375
156566500
156566625
156566750
156566875
156567000
156567125
156567250
156567375
156567500
156567625
156567750
156567875
156568000
156568125
156568250
156568375
156568500
156568625
156568750
156568875
156569000
156569125
156569251
156569375
156569500
156569625
156569750
156569875
156570000
156570125
156570250
156570375
156570501
156570625
156570750
156570875
156571000
156571125
156571250
156571375
156571500
156571625
156571750
156571875
156572000
156572125
156572250
156572375
156572500
156572625
156572750
156572875
156573000
156573125
156573250
156573375
156573500
156573625
156573750
156573875
156574000
156574125
156574250
156574375
156574500
156574625
156574750
156574875
156575000
156575125
156575250
156575375
156575500
156575625
156575750
156575875
156576000
156576125
156576250
156576376
156576500
156576625
156576751
156576875
156577000
156577125
156577250
156577375
156577500
156577626
156577751
156577875
156578000
156578125
156578250
156578375
156578500
156578626
156578751
156578875
156579000
156579125
156579250
156579375
156579500
156579625
156579750
156579875
156580000
156580125
156580250
156580375
156580501
156580625
156580750
156580875
156581000
156581125
156581250
156581375
156581500
156581625
156581750
156581875
156582000
156582125
156582251
156582375
156582500
156582625
156582751
156582875
156583000
156583125
156583250
156583376
156583500
156583625
156583750
156583875
156584001
156584125
156584250
156584375
156584500
156584625
156584751
156584875
156585000
156585125
156585250
156585375
156585501
156585625
156585750
156585875
156586000
156586125
156586250
156586375
156586500
156586625
156586750
156586875
156587001
156587125
156587250
156587375
156587500
156587625
156587750
156587875
156588000
156588125
156588250
156588375
156588500
156588625
156588750
156588875
156589000
156589126
156589250
156589375
156589500
156589625
156589751
156589875
156590000
156590125
156590251
156590375
156590500
156590625
156590750
156590875
156591000
156591125
156591250
156591375
156591500
156591625
156591750
156591875
156592000
156592125
156592250
156592375
156592500
156592625
156592750
156592875
156593000
156593125
156593250
156593375
156593501
156593625
156593750
156593875
156594000
156594125
156594250
156594375
156594500
156594625
156594751
156594875
156595000
156595125
156595250
156595375
156595500
156595625
156595750
156595875
156596000
156596125
156596250
156596375
156596500
156596625
156596750
156596875
156597001
156597125
156597250
156597375
156597500
156597625
156597750
156597875
156598000
156598125
156598250
156598375
156598500
156598625
156598750
156598875
156599000
156599125
156599250
156599375
156599500
156599625
156599750
156599875
156600000
156600125
156600251
156600375
156600501
156600625
156600750
156600875
156601000
156601126
156601250
156601376
156601500
156601625
156601750
156601875
156602000
156602125
156602250
156602376
156602500
156602625
156602750
156602875
156603000
156603126
156603250
156603375
156603501
156603625
156603750
156603875
156604000
156604125
156604250
156604376
156604500
156604625
156604750
156604876
156605000
156605125
156605250
156605375
156605500
156605625
156605751
156605875
156606000
156606125
156606250
156606376
156606500
156606625
156606750
156606875
156607000
156607125
156607250
156607375
156607500
156607625
156607750
156607875
156608000
156608126
156608250
156608375
156608500
156608625
156608750
156608875
156609000
156609125
156609250
156609375
156609500
156609625
156609750
156609875
156610000
156610125
156610251
156610375
156610500
156610625
156610750
156610875
156611000
156611125
156611250
156611375
156611500
156611625
156611750
156611875
156612000
156612125
156612250
156612375
156612500
156612625
156612750
156612875
156613000
156613125
156613250
156613375
156613500
156613626
156613750
156613875
156614000
156614125
156614250
156614375
156614500
156614625
156614750
156614875
156615000
156615125
156615250
156615375
156615500
156615626
156615750
156615875
156616000
156616125
156616250
156616376
156616501
156616625
156616751
156616875
156617000
156617125
156617250
156617375
156617500
156617625
156617750
156617875
156618000
156618125
156618250
156618375
156618500
156618625
156618750
156618875
156619001
156619125
156619250
156619375
156619500
156619625
156619750
156619875
156620000
156620126
156620250
156620375
156620500
156620625
156620750
156620875
156621000
156621125
156621250
156621375
156621500
156621625
156621750
156621875
156622001
156622125
156622250
156622375
156622501
156622625
156622750
156622875
156623001
156623125
156623250
156623375
156623500
156623625
156623751
156623875
156624000
156624125
156624250
156624375
156624500
156624625
156624750
156624875
156625000
156625125
156625250
156625375
156625500
156625625
156625750
156625875
156626000
156626125
156626250
156626375
156626500
156626625
156626750
156626875
156627000
156627125
156627250
156627375
156627500
156627625
156627750
156627876
156628000
156628125
156628250
156628375
156628500
156628625
156628751
156628875
156629000
156629125
156629250
156629375
156629500
156629625
156629750
156629875
156630000
156630125
156630250
156630375
156630500
156630625
156630750
156630875
156631000
156631125
156631250
156631375
156631500
156631625
156631750
156631875
156632000
156632125
156632250
156632375
156632500
156632625
156632750
156632875
156633000
156633125
156633251
156633375
156633500
156633625
156633750
156633875
156634001
156634125
156634250
156634375
156634501
156634625
156634750
156634875
156635000
156635125
156635250
156635375
156635500
156635625
156635750
156635875
156636000
156636125
156636250
156636375
156636500
156636625
156636750
156636875
156637000
156637125
156637250
156637375
156637500
156637625
156637750
156637875
156638000
156638125
156638250
156638375
156638500
156638625
156638750
156638875
156639001
156639125
156639250
156639376
156639501
156639625
156639750
156639883
156640000
156640125
156640250
156640375
156640500
156640625
156640750
156640875
156641000
156641126
156641251
156641375
156641501
156641625
156641750
156641875
156642000
156642125
156642250
156642375
156642500
156642625
156642750
156642875
156643000
156643125
156643250
156643375
156643500
156643625
156643750
156643875
156644000
156644125
156644250
156644375
156644500
156644625
156644750
156644875
156645001
156645125
156645250
156645375
156645500
156645625
156645750
156645875
156646000
156646125
156646250
156646375
156646501
156646625
156646750
156646876
156647000
156647125
156647250
156647375
156647500
156647625
156647750
156647875
156648000
156648125
156648250
156648375
156648500
156648625
156648750
156648875
156649000
156649125
156649250
156649375
156649500
156649625
156649751
156649875
156650000
156650125
156650250
156650375
156650500
156650625
156650750
156650875
156651000
156651125
156651250
156651375
156651500
156651625
156651750
156651875
156652000
156652125
156652250
156652375
156652501
156652625
156652750
156652875
156653000
156653125
156653250
156653375
156653500
156653625
156653751
156653875
156654000
156654125
156654250
156654375
156654500
156654625
156654750
156654875
156655000
156655126
156655251
156655375
156655500
156655625
156655750
156655875
156656000
156656125
156656250
156656375
156656500
156656625
156656751
156656875
156657000
156657125
156657250
156657375
156657501
156657625
156657750
156657875
156658000
156658125
156658250
156658375
156658500
156658625
156658750
156658875
156659000
156659125
156659250
156659375
156659501
156659625
156659750
156659875
156660000
156660125
156660251
156660375
156660500
156660625
156660750
156660875
156661000
156661125
156661251
156661375
156661501
156661625
156661750
156661875
156662000
156662125
156662250
156662375
156662500
156662625
156662750
156662875
156663001
156663126
156663251
156663375
156663500
156663625
156663750
156663875
156664000
156664125
156664250
156664376
156664500
156664625
156664750
156664876
156665000
156665126
156665251
156665375
156665500
156665625
156665750
156665876
156666000
156666125
156666250
156666375
156666500
156666625
156666751
156666875
156667000
156667126
156667250
156667375
156667500
156667625
156667750
156667875
156668000
156668126
156668251
156668375
156668501
156668625
156668750
156668875
156669000
156669126
156669250
156669375
156669500
156669625
156669751
156669875
156670001
156670125
156670251
156670375
156670500
156670625
156670751
156670875
156671000
156671126
156671251
156671375
156671500
156671625
156671750
156671875
156672000
156672125
156672250
156672375
156672500
156672625
156672751
156672875
156673001
156673125
156673250
156673375
156673500
156673625
156673751
156673875
156674000
156674126
156674250
156674375
156674500
156674625
156674750
156674875
156675000
156675125
156675250
156675375
156675500
156675625
156675750
156675875
156676000
156676125
156676250
156676375
156676501
156676625
156676750
156676875
156677000
156677125
156677250
156677375
156677500
156677625
156677750
156677876
156678000
156678125
156678251
156678375
156678500
156678625
156678750
156678875
156679000
156679126
156679251
156679375
156679500
156679626
156679750
156679875
156680001
156680125
156680250
156680375
156680500
156680625
156680750
156680875
156681000
156681125
156681250
156681375
156681500
156681625
156681750
156681876
156682000
156682125
156682250
156682375
156682501
156682625
156682750
156682875
156683000
156683125
156683251
156683375
156683500
156683625
156683750
156683875
156684000
156684125
156684250
156684375
156684500
156684625
156684750
156684875
156685001
156685125
156685250
156685375
156685500
156685625
156685750
156685875
156686000
156686125
156686250
156686375
156686500
156686625
156686750
156686876
156687001
156687125
156687250
156687375
156687500
156687625
156687750
156687875
156688000
156688125
156688251
156688375
156688500
156688625
156688754
156688875
156689000
156689125
156689250
156689375
156689500
156689626
156689750
156690000
156690125
156690250
156690375
156690500
156690625
156690750
156690875
156691000
156691125
156691250
156691375
156691500
156691625
156691750
156692000
156692125
156692250
156692375
156692500
156692625
156692750
156692876
156693001
156693125
156693250
156693375
156693500
156693625
156693750
156693875
156694000
156694125
156694250
156694376
156694500
156694625
156694750
156694875
156695000