155790126
155790250
155790375
155790500
155790625
155790876
155791000
155791250
155791375
155791625
155791750
155792000
155792125
155792375
155792500
155792625
155792875
155793000
155793250
155793378
155793500
155793629
155793750
155794000
155794126
155794375
155794500
155794750
155794875
155795125
155795250
155795500
155795626
155795875
155796000
155796250
155796375
155796500
155796625
155796875
155797005
155797250
155797375
155797625
155797750
155798000
155798125
155798375
155798500
155798750
155798876
155799125
155799256
155799375
155799506
155799750
155799875
155800125
155800250
155800500
155800625
155800750
155800875
155801001
155801251
155801375
155801625
155801750
155802000
155802125
155802375
155802500
155802625
155802750
155802875
155803001
155803125
155803376
155803500
155803750
155803875
155804125
155804250
155804500
155804625
155804875
155805000
155805250
155805375
155805625
155805750
155805875
155806125
155806260
155806500
155806625
155806875
155807000
155807125
155807250
155807375
155807625
155807756
155807875
155808000
155808125
155808251
155808383
155808500
155808625
155808750
155808875
155809000
155809125
155809250
155809376
155809501
155809625
155809750
155809875
155810000
155810125
155812625
155812750
155812875
155813000
155813126
155813375
155813500
155813625
155813751
155813875
155814125
155814250
155814381
155814500
155814750
155814881
155815000
155815125
155815250
155815375
155815625
155815751
155815883
155816000
155816125
155816251
155816375
155816500
155816633
155816875
155817002
155817125
155817250
155817375
155817500
155817631
155817875
155818000
155818133
155818250
155818375
155818500
155818625
155818750
155818875
155819125
155819250
155819381
155819500
155819625
155819750
155819875
155820000
155820134
155820375
155820505
155820626
155820875
155821000
155821126
155821251
155821500
155821634
155821875
155822006
155822125
155822251
155822375
155822500
155822626
155822750
155822875
155823000
155823133
155823375
155823502
155823626
155823750
155823883
155824000
155824125
155824250
155824376
155824625
155824751
155824876
155825000
155825126
155825375
155825505
155825625
155825751
155825875
155826000
155826125
155826250
155826375
155826500
155826625
155826750
155826875
155827000
155827125
155827250
155827375
155827508
155827750
155827881
155828001
155828134
155828375
155828501
155828625
155828750
155828875
155829125
155829257
155829375
155829501
155829625
155829750
155829876
155830000
155830133
155830375
155830505
155830750
155830882
155831125
155831256
155831375
155831501
155831632
155831875
155832007
155832125
155832251
155832375
155832500
155832625
155832750
155832875
155833000
155833130
155833250
155833500
155833632
155833875
155834000
155834133
155834250
155834375
155834501
155834625
155834875
155835001
155835125
155835250
155835375
155835500
155835633
155835875
155836006
155836250
155836375
155836500
155836625
155836875
155837007
155837250
155837379
155837501
155837750
155837882
155838000
155838125
155838250
155838375
155838500
155838632
155838750
155838875
155839000
155839125
155839255
155839375
155839625
155839750
155839875
155840000
155840125
155847625
155847750
155847875
155848000
155848131
155848250
155848375
155848500
155848625
155848751
155848885
155849125
155849254
155849375
155849501
155849634
155849875
155850007
155850125
155850250
155850375
155850500
155850625
155850750
155850875
155851000
155851126
155851250
155851375
155851500
155851626
155851751
155851882
155852000
155852125
155852250
155852376
155852500
155852625
155852750
155852876
155853001
155853125
155853257
155853376
155853505
155853626
155853875
155854004
155854125
155854250
155854375
155854501
155854625
155854750
155854884
155855125
155855257
155855375
155855500
155855750
155855883
155856125
155856250
155856381
155856500
155856625
155856751
155856885
155857125
155857250
155857383
155857626
155857751
155857883
155858000
155858125
155858250
155858376
155858500
155858626
155858750
155858876
155859000
155859125
155859250
155859375
155859500
155859625
155859750
155859875
155860000
155860125
155860250
155860375
155860500
155860625
155860750
155860875
155861000
155861126
155861251
155861375
155861500
155861625
155861750
155861876
155862000
155862128
155862250
155862375
155862505
155862625
155862751
155863000
155863133
155863375
155863502
155863626
155863751
155863875
155864000
155864126
155864375
155864509
155864750
155864881
155865000
155865131
155865250
155865383
155865625
155865755
155865875
155866125
155866251
155866375
155866625
155866755
155867000
155867131
155867250
155867375
155867625
155867751
155867875
155868000
155868125
155868250
155868379
155868500
155868750
155868881
155869000
155869125
155869250
155869375
155869500
155869625
155869878
155870001
155870250
155870384
155870625
155870756
155871000
155871125
155871251
155871375
155871500
155871625
155871750
155871875
155872000
155872125
155872250
155872375
155872500
155877500
155877626
155877750
155877882
155878000
155878126
155878257
155878500
155878632
155878875
155879001
155879133
155879250
155879381
155879500
155879633
155879875
155880000
155880250
155880383
155880625
155880750
155880876
155881000
155881125
155881251
155881375
155881500
155881633
155881750
155881875
155882001
155882133
155882375
155882505
155882750
155882879
155883000
155883251
155883381
155883625
155883756
155883875
155884000
155884125
155884250
155884382
155884625
155884756
155884875
155885001
155885125
155885251
155885375
155885501
155885625
155885750
155885875
155886001
155886132
155886375
155886502
155886625
155886751
155886875
155887125
155887250
155887384
155887500
155887625
155887875
155888000
155888126
155888251
155888375
155888501
155888625
155888750
155888875
155889000
155889250
155889382
155889500
155889625
155889751
155889884
155890125
155890255
155890375
155890500
155890625
155890750
155890882
155891000
155891125
155891250
155891375
155891500
155891625
155891750
155891881
155892000
155892125
155892251
155892375
155892500
155892626
155892751
155892882
155893000
155893125
155893250
155893375
155893501
155893625
155893750
155893875
155894000
155894125
155894250
155894375
155894500
155894632
155894750
155894876
155895000
155895125
155895250
155895501
155895632
155895750
155896000
155896132
155896251
155896384
155896625
155896750
155896876
155897001
155897132
155897375
155897500
155897625
155897750
155897875
155898007
155898250
155898383
155898625
155898752
155898875
155899000
155899132
155899375
155899505
155899625
155899750
155899875
155900000
155900125
155900250
155900376
155900501
155900632
155900875
155901000
155901126
155901250
155901375
155901500
155901625
155901750
155901883
155902000
155902125
155902375
155902500
155902625
155906750
155906875
155907000
155907130
155907250
155907375
155907501
155907634
155907876
155908009
155908250
155908375
155908625
155908754
155908875
155909001
155909125
155909375
155909505
155909750
155909878
155910000
155910125
155910250
155910382
155910625
155910758
155911000
155911129
155911250
155911501
155911631
155911750
155911884
155912125
155912254
155912375
155912625
155912752
155912875
155913000
155913125
155913250
155913375
155913500
155913631
155913751
155913876
155914125
155914250
155914375
155914500
155914625
155914750
155914879
155915000
155915125
155915375
155915504
155915625
155915875
155916001
155916129
155916250
155916375
155916501
155916625
155916750
155916883
155917125
155917256
155917375
155917500
155917626
155917750
155917875
155918000
155918125
155918250
155918375
155918500
155918625
155918750
155918875
155919000
155919125
155919250
155919375
155919500
155919625
155919750
155919875
155920000
155920125
155920250
155920383
155920626
155920757
155920875
155921000
155921125
155921250
155921375
155921500
155921625
155921750
155921875
155922000
155922133
155922250
155922375
155922501
155922625
155922875
155923000
155923126
155923250
155923383
155923500
155923627
155923751
155923875
155924000
155924250
155924381
155924500
155924625
155924875
155925000
155925133
155925375
155925501
155925625
155925750
155925876
155926009
155926250
155926381
155926500
155926632
155926750
155926875
155927000
155927125
155927250
155927376
155927500
155927625
155928250
155928382
155928625
155928750
155928883
155929000
155929125
155929251
155929383
155929500
155929625
155929751
155929875
155930000
155930125
155930250
155930380
155930500
155930626
155930751
155930875
155931000
155931125
155931250
155931375
155931501
155931634
155931875
155932005
155932126
155932375
155932503
155932625
155937125
155937250
155937375
155937500
155937625
155937875
155938000
155938131
155938250
155938383
155938625
155938750
155938876
155939000
155939125
155939250
155939375
155939501
155939625
155939875
155940008
155940250
155940381
155940500
155940625
155940750
155940875
155941000
155941133
155941375
155941505
155941625
155941750
155941883
155942000
155942125
155942251
155942375
155942625
155942755
155943000
155943131
155943250
155943383
155943625
155943750
155943875
155944000
155944125
155944250
155944375
155944500
155944625
155944750
155944875
155945000
155945125
155945250
155945385
155945625
155945753
155945875
155946000
155946132
155946250
155946375
155946500
155946625
155946751
155946875
155947000
155947125
155947250
155947375
155947500
155947625
155947750
155947875
155948000
155948133
155948375
155948508
155948750
155948878
155949000
155949126
155949375
155949507
155949625
155949750
155949875
155950001
155950125
155950375
155950500
155950631
155950750
155950875
155951000
155951125
155951250
155951375
155951500
155951632
155951750
155951876
155952007
155952250
155952383
155952625
155952754
155952876
155953000
155953125
155953250
155953375
155953500
155953750
155953882
155954125
155954258
155954501
155954625
155954750
155954875
155955001
155955125
155955250
155955375
155955625
155955750
155955883
155956000
155956125
155956251
155956383
155956625
155956751
155956875
155957125
155957256
155957375
155957750
155961001
155961125
155961257
155961375
155961501
155961625
155961751
155961875
155962000
155962132
155962375
155962505
155962625
155962750
155963000
155963132
155963250
155963376
155963501
155963625
155963750
155964000
155964133
155964375
155964500
155964625
155964750
155964875
155965000
155965126
155965259
155965500
155965632
155965875
155966006
155966126
155966250
155966383
155966625
155966756
155966875
155967000
155967125
155967251
155967382
155967500
155967625
155967750
155967882
155968000
155968125
155968251
155968382
155968625
155968751
155968875
155969000
155969125
155969250
155969376
155969501
155969625
155969759
155970000
155970132
155970250
155970375
155970500
155970632
155970750
155970875
155971000
155971125
155971250
155971375
155971500
155971625
155971750
155971878
155972001
155972134
155972375
155972507
155972625
155972875
155973003
155973125
155973375
155973502
155973625
155973875
155974000
155974250
155974382
155974625
155974750
155974875
155975000
155975125
155975250
155975375
155975500
155975625
155975750
155975875
155976000
155976126
155976257
155976500
155976628
155976750
155977000
155977133
155977250
155977375
155977500
155977633
155977750
155977875
155978125
155978250
155978375
155978500
155978625
155978750
155978875
155979000
155979125
155979251
155979375
155979500
155979625
155979750
155979875
155980000
155980250
155980379
155980500
155980625
155980750
155980875
155981000
155981125
155981250
155981500
155981631
155981751
155981883
155982125
155982254
155982375
155982625
155982756
155983000
155983130
155983250
155983376
155983507
155983750
155983881
155984000
155984125
155984250
155984376
155984501
155984625
155984750
155984882
155985000
155985125
155985250
155985375
155985500
155985625
155985750
155985875
155986000
155986125
155986250
155986382
155986500
155986625
155986750
155986875
155987000
155987125
155987250
155987375
155987500
155987625
155987750
155987875
155988000
155988125
155988250
155988375
155988500
155988625
155988750
155988875
155989000
155989125
155989250
155989375
155989500
155989625
155989750
155989875
155990125
155990250
155990375
155990501
155990625
155990751
155990875
155991000
155991125
155991251
155991375
155991500
155991626
155991750
155991875
155992000
155992125
155992250
155992381
155992514
155992750
155995625
155995750
155995875
155996000
155996125
155996250
155996375
155996500
155996625
155996751
155996875
155997000
155997125
155997250
155997375
155997501
155997625
155997750
155998125
155998250
155998375
155998500
155998625
155998750
155998875
155999001
155999125
155999251
155999375
155999500
155999625
155999750
155999875
156000000
156000125
156000250
156000375
156000500
156000625
156000750
156000876
156001000
156001125
156001250
156001375
156001500
156001625
156001750
156001875
156002000
156002125
156002250
156002375
156002500
156002625
156002750
156002875
156003000
156003125
156003250
156003375
156003500
156003626
156003750
156003875
156004000
156004125
156004250
156004375
156004500
156004625
156004750
156004875
156005125
156005250
156005375
156005500
156005626
156005750
156005875
156006000
156006125
156006250
156006375
156006500
156006632
156006764
156007000
156007125
156007250
156007500
156007625
156007750
156007875
156008125
156008250
156008375
156008500
156008625
156008750
156008875
156009000
156009125
156009251
156009375
156009500
156009626
156009750
156009876
156010000
156010125
156010250
156010375
156010500
156010750
156010875
156011000
156011126
156011250
156011376
156011500
156011625
156011750
156011875
156012000
156012126
156012250
156012375
156012500
156012625
156012750
156012875
156013000
156013125
156013250
156013385
156013625
156013750
156013876
156014000
156014134
156014375
156014500
156014625
156014750
156014875
156015000
156015126
156015375
156015500
156015625
156015750
156015875
156016000
156016125
156016250
156016375
156016500
156016625
156016750
156016875
156017000
156017125
156017250
156017383
156017625
156017750
156017875
156018008
156018250
156018375
156018500
156018625
156018750
156018875
156019000
156019126
156019250
156019375
156019500
156019625
156019750
156019875
156020000
156020126
156020250
156020375
156020500
156020625
156020750
156020875
156021000
156021125
156021250
156021375
156021500
156021625
156021875
156022008
156022250
156022375
156022500
156022626
156022875
156023006
156023125
156023250
156023376
156023500
156023625
156023750
156023883
156024125
156024257
156024500
156024632
156024750
156024875
156025000
156025250
156025500
156025629
156025750
156025875
156026001
156026125
156026375
156026508
156026751
156026878
156027000
156027251
156027375
156027625
156027755
156028000
156028133
156028251
156028375
156028501
156028750
156028881
156029001
156029125
156029250
156029375
156029500
156029633
156029875
156030004
156030125
156033125
156033250
156033375
156033500
156033625
156033750
156033877
156034008
156034250
156034380
156034500
156034625
156034875
156035000
156035125
156035376
156035505
156035625
156035750
156035876
156036000
156036132
156036250
156036376
156036500
156036625
156036750
156036876
156037000
156037125
156037251
156037375
156037501
156037630
156037750
156037875
156038001
156038125
156038250
156038375
156038501
156038633
156038750
156038875
156039000
156039129
156039250
156039500
156039633
156039750
156039875
156040000
156040125
156040250
156040376
156040509
156040750
156040882
156041125
156041255
156041375
156041500
156041625
156041750
156041882
156042125
156042257
156042375
156042500
156042625
156042751
156042875
156043001
156043130
156043250
156043376
156043500
156043626
156043751
156043882
156044125
156044256
156044375
156044508
156044750
156044876
156045000
156045125
156045250
156045375
156045500
156045625
156045750
156045875
156046000
156046125
156046250
156046383
156046625
156046750
156046876
156047000
156047126
156047250
156047375
156047500
156047625
156047750
156047875
156048000
156048125
156048250
156048381
156048500
156048625
156048750
156049001
156049125
156049376
156049500
156049625
156049875
156050000
156050125
156050250
156050375
156050500
156050633
156050876
156051007
156051125
156051250
156051375
156051500
156051625
156051750
156051875
156052000
156052125
156052250
156052375
156052500
156052625
156052750
156052876
156053125
156053250
156053375
156053500
156053633
156053875
156054006
156054125
156054251
156054375
156054500
156054626
156054750
156054875
156055000
156055126
156055250
156055375
156055500
156055626
156055751
156055881
156056000
156056125
156056250
156056375
156056501
156056626
156056750
156056875
156057000
156057125
156057375
156057500
156057634
156057875
156058000
156058125
156058375
156058500
156058633
156058875
156059007
156059125
156059250
156059375
156059501
156059625
156059750
156059875
156060000
156060125
156060250
156066500
156066625
156066750
156067375
156067505
156067626
156067875
156068006
156068125
156068250
156068383
156068625
156068756
156068875
156069001
156069125
156069250
156069382
156069500
156069625
156069750
156069875
156070000
156070132
156070250
156070375
156070501
156070625
156070750
156070883
156071125
156071250
156071375
156071501
156071625
156071750
156072000
156072129
156072250
156072384
156072625
156072754
156072876
156073000
156073125
156073251
156073375
156073500
156073633
156073875
156074005
156074125
156074375
156074500
156074631
156074750
156074875
156075000
156075129
156075250
156075500
156075626
156075750
156075875
156076001
156076125
156076375
156076500
156076625
156076758
156077001
156077131
156077250
156077375
156077500
156077750
156077882
156078125
156078256
156078375
156078500
156078626
156078750
156078875
156079000
156079126
156079250
156079375
156079500
156079630
156079750
156079882
156080125
156080254
156080375
156080500
156080625
156080751
156080883
156081125
156081250
156081375
156081500
156081750
156081875
156082125
156082255
156082500
156082627
156082750
156082875
156083000
156083126
156083250
156083383
156083625
156083750
156083883
156084000
156084125
156084250
156084383
156084500
156084625
156084751
156084875
156085000
156085133
156085375
156085505
156085626
156085875
156086000
156086126
156086250
156086375
156086501
156086625
156086750
156086880
156087000
156087134
156087375
156087506
156087625
156087750
156088000
156088125
156088250
156088375
156088625
156088750
156088875
156089000
156089131
156089250
156089383
156089625
156089750
156089884
156090125
156090256
156090375
156090500
156090632
156090875
156091001
156091131
156091250
156091383
156091500
156091625
156091875
156092000
156092131
156092250
156092382
156092625
156092751
156092875
156093125
156093250
156093375
156093501
156093633
156093875
156094001
156094125
156094375
156094502
156094625
156094875
156095008
156095250
156095381
156095501
156095625
156095750
156095875
156096000
156096125
156096375
156096500
156096631
156096750
156096875
156097000
156097125
156097250
156097376
156097500
156097750
156097875
156098000
156098133
156098375
156098505
156098750
156098878
156099000
156099133
156099375
156099503
156099625
156099750
156099875
156100000
156100133
156100375
156100500
156100633
156100875
156101000
156101125
156101250
156101381
156101500
156101625
156101750
156103375
156103500
156103626
156103751
156103875
156104000
156104125
156104250
156104382
156104625
156104750
156104875
156105000
156105125
156105250
156105375
156105500
156105625
156105750
156105875
156106000
156106125
156106250
156106375
156106500
156106625
156106751
156106875
156107000
156107125
156107250
156107375
156107500
156107625
156107750
156107875
156108001
156108125
156108250
156108376
156108500
156108625
156108750
156108875
156109000
156109135
156109375
156109506
156109625
156109750
156109875
156110000
156110125
156110250
156110376
156110500
156110625
156110750
156110875
156111000
156111125
156111250
156111375
156111500
156111625
156111750
156111876
156112001
156112125
156112250
156112382
156112500
156112625
156112750
156112875
156113000
156113125
156113375
156113506
156113750
156113875
156114000
156114133
156114375
156114506
156114625
156114751
156114876
156115125
156115257
156115501
156115630
156115750
156116000
156116133
156116375
156116500
156116626
156116750
156116875
156117000
156117125
156117250
156117500
156117631
156117750
156117875
156118000
156118125
156118375
156118505
156118626
156118875
156119006
156119125
156119250
156119375
156119500
156119625
156119750
156119875
156120000
156120133
156120250
156120375
156120500
156120626
156120750
156121000
156121132
156121251
156121383
156121626
156121750
156122000
156122132
156122251
156122383
156122625
156122756
156122875
156123001
156123133
156123375
156123500
156123631
156123750
156123875
156124000
156124125
156124375
156124500
156124625
156124750
156124875
156125000
156125125
156125250
156125375
156125500
156125625
156125750
156125875
156126000
156126125
156126250
156126375
156126500
156126625
156126875
156127625
156127750
156127875
156128001
156128125
156128251
156128375
156128500
156128626
156128751
156128875
156129001
156129132
156129385
156129625
156129758
156130000
156130132
156130250
156130375
156130625
156130757
156131000
156131125
156131251
156131375
156131501
156131633
156131750
156131875
156137875
156138000
156138250
156138383
156138625
156138750
156138875
156139000
156139134
156139375
156139501
156139625
156139875
156140000
156140125
156140250
156140500
156140633
156140875
156141005
156141125
156141250
156141375
156141508
156141750
156141883
156142125
156142250
156142375
156142625
156142751
156142875
156143125
156143250
156143375
156143501
156143633
156143876
156144007
156144250
156144376
156144625
156144750
156144875
156145000
156145133
156145250
156145375
156145625
156145751
156145875
156146000
156146250
156146383
156146625
156146757
156146875
156147001
156147125
156147375
156147501
156147633
156147751
156148000
156148125
156148250
156148383
156148625
156148750
156148875
156149125
156149250
156149379
156149501
156149750
156149883
156150125
156150250
156150375
156150626
156150751
156150883
156151125
156151256
156151375
156151501
156151626
156151750
156152000
156152131
156152250
156152382
156152625
156152750
156152875
156153125
156153250
156153381
156153500
156153625
156153875
156154002
156154126
156154250
156154383
156154625
156154750
156154875
156155000
156155125
156155375
156155500
156155631
156155750
156155875
156156000
156156131
156156250
156156375
156156625
156156752
156156884
156157125
156157254
156157376
156157625
156157757
156157875
156158000
156158125
156158250
156158376
156158500
156158625
156158750
156158875
156159001
156159133
156159375
156159507
156159625
156159750
156159875
156160000
156160250
156160375
156160500
156160625
156160875
156161006
156161126
156161250
156161375
156161500
156161626
156161750
156161875
156162125
156162255
156162501
156162632
156162750
156164625
156164750
156164875
156165000
156165134
156165375
156165500
156165633
156165875
156166001
156166133
156166375
156166501
156166750
156166883
156167000
156167250
156167382
156167500
156167625
156167750
156167875
156168000
156168132
156168375
156168505
156168625
156168750
156168875
156169000
156169126
156169251
156169375
156169500
156169625
156169750
156169875
156170001
156170125
156170375
156170506
156170625
156170751
156170875
156171001
156171125
156171250
156171375
156171500
156171625
156171750
156171875
156172000
156172125
156172250
156172375
156172500
156172625
156172750
156172875
156173125
156173254
156173375
156173500
156173625
156173750
156173876
156174001
156174133
156174375
156174500
156174625
156174750
156174883
156175125
156175256
156175375
156175501
156175625
156175875
156176004
156176125
156176250
156176375
156176500
156176625
156176750
156176875
156177000
156177125
156177250
156177375
156177500
156177625
156177750
156177875
156178001
156178125
156178250
156178375
156178500
156178625
156178751
156178875
156179000
156179125
156179250
156179375
156179500
156179625
156179750
156179875
156180000
156180126
156180250
156180375
156180500
156180625
156180751
156180875
156181000
156181125
156181250
156181383
156181625
156181752
156181884
156182125
156182256
156182375
156182501
156182631
156182750
156182875
156183000
156183125
156183250
156183375
156183501
156183625
156183750
156183875
156184001
156184125
156184251
156184383
156184500
156184625
156184750
156184876
156185000
156185126
156185250
156185375
156185500
156185625
156185750
156185876
156186001
156186125
156186250
156186384
156186625
156186757
156186875
156187001
156187125
156187250
156187376
156187501
156187632
156187750
156187875
156188001
156188125
156188250
156188384
156188625
156188756
156188875
156189001
156189125
156189375
156189507
156189750
156189882
156190000
156190126
156190250
156190375
156190501
156190628
156190750
156191000
156191133
156191375
156191500
156191633
156191875
156192002
156192133
156192375
156192500
156192751
156192875
156197250
156197375
156197500
156197625
156197875
156198000
156198125
156198250
156198375
156198500
156198625
156198750
156198883
156199125
156199250
156199500
156199631
156199750
156199875
156200000
156200125
156200250
156200375
156200500
156200625
156200750
156200884
156201125
156201255
156201376
156201500
156201625
156201750
156202000
156202133
156202375
156202502
156202625
156202750
156202875
156203000
156203125
156203375
156203501
156203625
156203875
156204001
156204127
156204251
156204375
156204500
156204750
156204882
156205000
156205125
156205250
156205375
156205500
156205750
156205881
156206001
156206126
156206251
156206375
156206500
156206625
156206875
156207006
156207125
156207251
156207375
156207500
156207625
156207750
156207883
156208125
156208256
156208375
156208501
156208632
156208750
156208876
156209000
156209125
156209250
156209376
156209500
156209625
156209751
156209875
156210000
156210125
156210250
156210375
156210500
156210626
156210750
156210875
156211125
156211250
156211375
156211500
156211625
156211750
156211883
156212125
156212250
156212375
156212625
156212750
156212875
156213125
156213256
156213375
156213501
156213629
156213750
156214000
156214125
156214376
156214500
156214625
156214750
156214875
156215000
156215134
156215375
156215500
156215633
156215875
156216001
156216131
156216250
156216383
156216625
156216757
156217000
156217132
156217375
156217506
156217625
156217750
156217875
156218001
156218133
156218375
156218503
156218625
156218875
156219000
156219133
156219250
156219375
156219625
156219756
156219875
156220000
156220125
156220250
156220375
156220508
156220750
156220878
156221001
156221250
156221375
156221500
156221626
156221875
156222000
156222135
156222375
156222500
156222629
156222751
156222875
156223000
156226000
156226125
156226250
156226375
156226501
156226625
156226751
156226875
156227125
156227257
156227500
156227633
156227875
156228004
156228125
156228250
156228376
156228501
156228625
156228758
156229000
156229133
156229251
156229375
156229500
156229625
156229750
156229882
156230125
156230250
156230381
156230500
156230632
156230875
156231005
156231250
156231382
156231625
156231750
156231875
156232000
156232250
156232375
156232500
156232632
156232875
156233002
156233250
156233380
156233501
156233633
156233875
156234000
156234133
156234250
156234375
156234501
156234625
156234875
156235006
156235125
156235250
156235375
156235500
156235632
156235750
156235882
156236000
156236125
156236250
156236378
156236500
156236625
156236750
156236875
156237001
156237133
156237375
156237500
156237629
156237750
156237883
156238125
156238252
156238375
156238500
156238632
156238875
156239000
156239125
156239250
156239375
156239625
156239752
156239875
156240125
156240250
156240381
156240500
156240625
156240876
156241007
156241125
156241251
156241375
156241500
156241632
156241750
156241882
156242000
156242125
156242250
156242375
156242500
156242625
156242750
156242882
156243000
156243125
156243251
156243382
156243500
156243625
156243750
156244000
156244133
156244375
156244500
156244633
156244751
156244875
156245000
156245133
156245251
156245375
156245500
156245625
156245755
156245875
156246000
156246125
156246250
156246384
156246626
156246755
156246875
156247000
156247130
156247263
156247500
156247632
156247875
156248001
156248125
156248375
156248500
156248633
156248875
156249000
156249133
156249250
156249375
156249500
156249634
156249876
156250003
156250125
156250250
156250375
156250500
156250633
156250875
156251000
156251133
156251250
156251384
156251625
156251753
156251876
156252007
156252250
156252375
156252500
156252625
156252751
156252875
156253004
156253125
156255500
156255632
156255750
156255875
156256000
156256125
156256250
156256375
156256500
156256625
156256750
156256876
156257001
156257133
156257375
156257508
156257750
156257877
156258008
156258250
156258375
156258500
156258625
156258750
156258883
156259125
156259250
156259381
156259500
156259625
156259750
156259876
156260009
156260250
156260381
156260500
156260632
156260751
156260875
156261000
156261125
156261250
156261382
156261500
156261626
156261751
156261875
156262000
156262126
156262251
156262382
156262501
156262625
156262750
156262882
156263001
156263125
156263376
156263505
156263626
156263750
156263876
156264125
156264257
156264375
156264500
156264625
156264750
156264875
156265000
156265125
156265250
156265376
156265500
156265625
156265750
156265876
156266001
156266126
156266250
156266375
156266625
156266756
156267000
156267131
156267375
156267500
156267633
156267875
156268002
156268125
156268258
156268500
156268631
156268750
156268875
156269000
156269125
156269250
156269384
156269625
156269755
156269875
156270000
156270125
156270250
156270375
156270500
156270625
156270750
156270875
156271000
156271125
156271250
156271375
156271500
156271625
156271750
156271875
156272000
156272125
156272250
156272375
156272500
156272633
156272750
156272875
156273000
156273133
156273375
156273500
156273631
156273750
156273875
156274000
156274131
156274250
156274375
156274500
156274625
156274750
156274884
156275125
156275258
156275500
156275631
156275750
156275875
156276000
156276125
156276251
156276382
156276625
156276756
156276875
156277001
156277125
156277250
156277500
156277631
156277750
156277875
156278000
156278132
156278250
156278375
156278500
156278626
156278750
156278875
156279000
156279132
156279250
156279375
156279500
156279633
156279875
156280001
156280133
156280375
156280505
156280625
156280875
156281007
156281126
156281251
156281383
156281625
156281752
156281876
156282007
156282250
156282380
156282500
156282625
156282750
156282875
156283000
156283126
156285875
156286000
156286125
156286250
156286375
156286501
156286625
156286750
156286875
156287000
156287132
156287250
156287375
156287500
156287625
156287751
156287875
156288000
156288133
156288375
156288505
156288625
156288875
156289000
156289133
156289375
156289500
156289625
156289750
156289875
156290000
156290125
156290250
156290375
156290500
156290625
156290751
156290875
156291000
156291126
156291250
156291375
156291500
156291626
156291751
156291875
156292000
156292125
156292250
156292375
156292500
156292625
156292750
156292875
156293000
156293133
156293375
156293505
156293750
156293878
156294000
156294126
156294250
156294383
156294626
156294757
156294875
156295000
156295132
156295250
156295375
156295500
156295625
156295750
156295875
156296000
156296126
156296250
156296375
156296500
156296625
156296751
156296882
156297000
156297125
156297250
156297383
156297625
156297757
156297876
156298000
156298125
156298250
156298375
156298500
156298626
156298750
156298875
156299000
156299126
156299251
156299375
156299500
156299625
156299750
156299882
156300000
156300125
156300251
156300375
156300500
156300625
156300875
156301006
156301125
156301251
156301375
156301500
156301626
156301750
156301875
156302001
156302125
156302375
156302505
156302626
156302875
156303006
156303125
156303250
156303375
156303500
156303625
156303750
156303876
156304000
156304125
156304250
156304500
156304631
156304750
156304883
156305125
156305257
156305375
156305501
156305630
156305750
156305875
156306000
156306125
156306250
156306375
156306500
156306630
156306750
156306875
156307000
156307133
156307250
156307375
156307500
156307633
156307750
156307875
156308001
156308133
156308375
156308504
156308625
156308750
156308876
156309001
156309133
156309375
156309505
156309626
156309875
156310000
156310125
156310250
156310375
156310500
156310633
156310875
156311005
156311125
156311375
156311502
156311625
156311751
156311875
156312000
156312125
156312250
156312375
156312500
156312625
156312750
156312885
156313125
156313250
156316375
156316500
156316625
156316751
156316883
156317000
156317126
156317251
156317383
156317625
156317756
156317875
156318001
156318125
156318251
156318375
156318500
156318750
156318880
156319000
156319133
156319375
156319507
156319625
156319751
156319875
156320000
156320125
156320250
156320375
156320626
156320753
156320875
156321000
156321125
156321250
156321500
156321633
156321875
156322000
156322133
156322250
156322375
156322500
156322633
156322875
156323005
156323125
156323254
156323375
156323500
156323625
156323751
156323875
156324125
156324254
156324375
156324625
156324752
156324875
156325000
156325125
156325375
156325505
156325625
156325751
156325883
156326125
156326256
156326375
156326500
156326625
156326875
156327006
156327125
156327250
156327375
156327500
156327626
156327750
156327875
156328000
156328126
156328251
156328375
156328501
156328625
156328750
156328875
156329000
156329125
156329250
156329375
156329501
156329625
156329751
156329875
156330000
156330125
156330250
156330376
156330500
156330625
156330750
156330876
156331000
156331250
156331381
156331514
156331751
156331883
156332125
156332254
156332375
156332500
156332625
156332750
156332875
156333000
156333125
156333250
156333375
156333500
156333626
156333750
156333881
156334000
156334133
156334250
156334500
156334628
156334750
156335000
156335130
156335250
156335382
156335625
156335756
156335875
156336001
156336125
156336375
156336501
156336633
156336750
156336875
156337000
156337132
156337250
156337375
156337500
156337625
156337750
156337875
156338000
156338125
156338255
156338375
156338625
156338750
156338875
156339125
156339250
156339376
156339625
156339751
156339883
156340000
156340133
156340250
156340375
156340500
156340625
156340750
156340875
156341000
156341125
156341250
156341375
156341500
156341625
156341750
156341875
156342000
156342125
156342250
156342383
156342625
156342756
156342876
156343000
156343250
156343375
156343500
156343635
156343875
156344001
156344125
156344375
156344500
156344750
156344876
156345000
156345134
156345375
156345500
156345633
156345875
156346000
156346125
156346375
156346500
156346625
156346750
156346875
156347002
156347125
156347250
156347382
156347626
156347750
156347883
156348000
156348125
156348250
156348375
156348500
156348625
156348750
156348875
156349000
156349250
156349381
156349500
156349625
156349875
156350005
156350126
156350250
156350376
156350500
156350625
156350750
156350875
156351001
156351125
156351375
156351505
156351625
156351875
156352005
156352125
156352375
156352505
156352625
156352751
156352884
156353125
156353251
156353375
156353500
156353634
156353875
156354000
156354133
156354375
156354504
156354625
156354875
156355000
156355250
156355375
156355625
156355757
156356000
156356126
156356250
156356384
156356625
156356756
156356875
156357000
156357125
156357250
156357380
156357500
156357625
156357750
156357875
156358000
156358125
156358251
156358375
156358501
156358634
156358875
156359006
156359126
156359250
156359375
156359500
156359625
156359875
156360006
156360125
156360250
156360375
156360500
156360625
156360750
156360882
156361000
156361134
156361375
156361506
156361750
156361883
156362000
156362125
156362375
156362501
156362625
156362751
156362882
156363125
156363250
156363375
156363625
156363757
156363875
156364001
156364125
156364250
156364384
156364625
156364751
156364875
156365125
156365251
156365375
156365500
156365625
156365750
156365875
156366000
156366133
156366375
156366500
156366631
156366750
156366875
156367125
156367255
156367375
156367625
156367750
156367881
156368000
156368125
156368250
156368375
156368500
156368625
156368750
156368882
156369000
156369125
156369250
156369375
156369500
156369625
156369875
156370000
156370133
156370250
156370375
156370500
156370633
156370751
156370875
156371125
156371257
156371375
156371500
156371625
156371750
156371875
156372001
156372125
156372251
156372384
156372625
156372750
156372875
156373000
156373126
156373251
156373382
156373500
156373625
156373759
156374000
156374131
156374250
156374375
156374625
156374756
156374875
156375001
156375133
156375375
156375506
156375626
156375758
156375876
156376000
156376125
156376250
156376375
156376500
156376751
156376879
156377125
156377252
156377375
156377500
156377633
156377875
156378002
156378131
156378250
156378375
156380625
156380750
156380875
156381000
156381133
156381375
156381504
156381625
156381750
156381875
156382000
156382125
156382250
156382375
156382500
156382750
156382880
156383000
156383250
156383383
156383500
156383625
156383750
156383875
156384000
156384131
156384250
156384376
156384501
156384632
156384750
156384875
156385125
156385252
156385375
156385500
156385625
156385750
156385882
156386000
156386126
156386250
156386375
156386500
156386634
156386875
156387007
156387125
156387250
156387375
156387501
156387625
156387750
156387883
156388125
156388254
156388376
156388500
156388750
156388882
156389125
156389258
156389500
156389631
156389750
156389875
156390000
156390125
156390250
156390375
156390500
156390625
156390750
156390875
156391000
156391125
156391250
156391383
156391625
156391750
156391883
156392000
156392125
156392375
156392507
156392625
156392751
156392883
156393000
156393125
156393250
156393383
156393625
156393750
156393883
156394000
156394126
156394251
156394375
156394625
156394750
156394883
156395000
156395125
156395250
156395379
156395501
156395625
156395751
156395875
156396125
156396250
156396375
156396500
156396632
156396875
156397005
156397126
156397375
156397505
156397625
156397750
156397875
156398001
156398125
156398250
156398383
156398500
156398625
156398750
156398875
156399001
156399130
156399250
156399500
156399629
156399750
156400000
156400131
156400250
156400375
156400500
156400626
156400750
156400875
156401000
156401250
156401383
156401500
156401625
156401751
156401879
156402000
156402125
156402375
156402501
156402625
156402750
156402875
156403000
156403130
156403251
156403500
156403632
156403875
156404002
156404125
156404250
156404375
156404500
156404625
156404750
156404875
156405000
156405126
156405250
156405376
156405500
156405631
156405750
156405875
156406125
156406252
156406379
156406500
156406750
156406883
156407000
156407125
156407250
156407375
156407501
156407625
156407750
156407875
156408005
156408126
156408250
156408375
156408500
156411251
156411375
156411500
156411631
156411750
156411882
156412000
156412125
156412250
156412375
156412500
156412750
156412881
156413000
156413125
156413250
156413375
156413500
156413625
156413751
156413875
156414001
156414125
156414375
156414505
156414625
156414750
156414875
156415000
156415132
156415250
156415375
156415625
156415750
156415883
156416000
156416125
156416376
156416508
156416750
156416881
156417000
156417125
156417375
156417505
156417750
156417875
156418000
156418133
156418375
156418501
156418626
156418875
156419001
156419125
156419375
156419505
156419625
156419875
156420006
156420125
156420251
156420375
156420500
156420625
156420750
156420875
156421000
156421126
156421251
156421382
156421625
156421756
156421875
156422000
156422125
156422251
156422383
156422625
156422750
156422875
156423000
156423250
156423375
156423501
156423625
156423875
156424006
156424250
156424375
156424500
156424626
156424750
156424875
156425000
156425125
156425251
156425383
156425625
156425755
156425875
156426001
156426125
156426250
156426380
156426500
156426625
156426750
156426882
156427125
156427251
156427383
156427500
156427625
156427750
156428000
156428125
156428250
156428375
156428625
156428757
156429000
156429125
156429375
156429505
156429626
156429875
156430006
156430126
156430250
156430383
156430500
156430625
156430750
156430881
156431000
156431129
156431250
156431375
156431500
156431625
156431875
156432006
156432125
156432251
156432375
156432500
156432626
156432751
156432875
156433000
156433125
156433250
156433375
156433500
156433633
156433875
156434006
156434125
156434251
156434375
156434500
156434625
156434750
156434876
156435001
156435125
156435250
156435375
156435500
156435626
156435751
156435882
156436000
156436132
156436250
156436375
156436500
156436625
156436750
156436875
156437000
156437130
156437250
156437382
156437501
156437625
156437750
156437882
156438000
156438126
156438250
156438375
156438500
156440125
156440253
156440375
156440500
156440625
156440750
156440876
156441000
156441125
156441251
156441375
156441506
156441625
156441751
156441875
156442001
156442125
156442251
156442375
156442500
156442625
156442750
156442875
156443001
156443125
156443251
156443500
156445625
156445750
156445875
156446000
156446125
156446250
156446375
156446501
156446625
156446875
156447005
156447125
156447375
156447500
156447633
156447750
156447875
156448001
156448132
156448375
156448500
156448633
156448875
156449001
156449133
156449250
156449375
156449500
156449625
156449751
156449882
156450000
156450125
156450250
156450375
156450500
156450625
156450750
156450875
156451000
156451130
156451250
156451382
156451500
156451626
156451750
156451875
156452000
156452132
156452250
156452375
156452500
156452625
156452750
156452875
156453000
156453126
156453251
156453382
156453500
156453625
156453750
156453875
156454001
156454125
156454251
156454383
156454500
156454625
156454750
156454875
156455000
156455125
156455250
156455378
156455500
156455750
156455883
156456125
156456250
156456375
156456500
156456626
156456750
156456875
156457000
156457125
156457250
156457375
156457500
156457750
156457881
156458000
156458134
156458375
156458505
156458750
156458879
156459000
156459250
156459382
156459625
156459750
156459875
156460000
156460126
156460251
156460383
156460500
156460625
156460751
156460883
156461125
156461251
156461381
156461500
156461626
156461750
156462000
156462132
156462250
156462383
156462625
156462751
156462875
156463125
156463250
156463375
156463500
156463625
156463875
156464000
156464251
156464375
156464500
156464625
156464750
156464881
156465000
156465125
156465375
156465505
156465750
156465879
156466000
156466250
156466375
156466500
156466633
156466750
156466875
156467000
156467133
156467250
156467383
156467625
156467751
156467883
156468125
156468250
156468375
156468626
156468755
156469000
156469132
156469250
156469375
156469500
156469625
156469750
156469880
156470001
156470126
156470251
156470375
156470501
156470625
156470750
156470883
156471125
156471260
156471500
156471625
156471750
156471875
156472000
156472128
156472250
156472382
156472500
156472625
156472751
156472875
156473000
156473134
156473375
156473503
156473625
156473875
156474006
156474125
156474250
156474375
156474500
156474626
156474757
156474876
156475000
156475125
156475250
156475375
156475500
156475626
156475875
156476006
156476125
156476250
156476375
156476500
156476633
156476875
156477002
156477132
156477375
156477500
156477750
156477883
156478000
156478133
156478375
156478505
156478625
156479125
156479257
156479375
156479500
156479625
156479750
156479884
156480125
156480256
156480375
156480500
156480626
156480751
156480875
156481000
156481125
156481250
156481376
156481500
156481625
156481750
156482000
156482133
156482250
156482375
156482501
156482625
156482750
156482875
156483000
156483125
156483250
156483376
156483501
156483625
156483750
156483876
156484000
156484125
156484250
156484383
156484625
156484750
156484879
156485000
156485125
156485251
156485381
156485500
156485625
156485875
156486000
156486125
156486375
156486500
156486625
156486750
156486883
156487000
156487133
156487375
156487502
156487625
156487750
156488000
156488133
156488375
156488501
156488625
156488751
156488883
156489125
156489255
156489375
156489625
156489757
156489875
156490000
156490125
156490250
156490375
156490500
156490628
156490750
156490875
156491000
156491125
156491250
156491375
156491500
156491625
156491750
156491875
156492000
156492125
156492250
156492375
156492500
156492625
156492750
156493000
156493127
156493250
156493375
156493500
156493625
156493751
156493878
156494000
156494125
156494251
156494375
156494501
156494625
156494750
156494876
156495000
156495125
156495250
156495384
156495625
156495756
156495875
156496001
156496132
156496375
156496500
156496633
156496750
156496876
156497000
156497125
156497375
156497506
156497625
156497750
156497875
156498000
156498126
156498251
156498383
156498625
156498754
156498875
156499000
156499126
156499250
156499376
156499500
156499626
156499750
156499875
156500000
156500125
156500250
156500375
156500500
156500625
156500750
156500875
156501000
156501125
156501250
156501375
156501500
156501626
156501750
156501875
156502001
156502130
156502250
156502382
156502500
156502625
156502750
156502875
156503000
156503125
156503250
156503375
156503500
156503625
156504000
156504125
156504250
156504381
156504500
156504631
156504750
156504882
156505001
156505125
156505251
156505379
156505500
156505750
156505876
156506000
156506125
156506250
156506375
156506501
156506625
156506875
156507003
156507125
156507250
156507383
156507500
156507625
156507750
156508000
156508132
156508375
156508501
156508625
156511500
156511625
156511754
156511875
156512001
156512133
156512375
156512504
156512625
156512875
156513006
156513125
156513251
156513380
156513500
156513625
156513750
156514001
156514129
156514250
156514500
156514631
156514750
156514882
156515001
156515125
156515250
156515375
156515500
156515626
156515750
156515881
156516000
156516133
156516375
156516507
156516625
156516750
156516875
156517125
156517253
156517383
156517625
156517756
156517875
156518000
156518125
156518250
156518376
156518500
156518625
156518750
156518875
156519001
156519125
156519255
156519500
156519633
156519751
156519876
156520125
156520256
156520375
156520500
156520626
156520750
156520875
156521000
156521125
156521250
156521375
156521500
156521625
156521750
156521875
156522000
156522250
156522379
156522500
156522625
156522875
156523004
156523125
156523375
156523500
156523633
156523876
156524007
156524126
156524251
156524375
156524501
156524630
156524751
156525000
156525125
156525250
156525375
156525625
156525750
156525876
156526000
156526133
156526375
156526500
156526633
156526750
156526882
156527125
156527256
156527375
156527501
156527631
156527750
156527875
156528000
156528125
156528250
156528375
156528500
156528625
156528750
156528883
156529125
156529257
156529375
156529501
156529625
156529750
156529875
156530125
156530254
156530375
156530501
156530633
156530875
156531007
156531250
156531378
156531500
156531627
156531750
156531875
156532000
156532125
156532250
156532383
156532500
156532625
156532751
156532883
156533125
156533251
156533375
156533625
156533751
156533875
156534125
156534251
156534383
156534500
156534625
156534750
156534875
156535000
156535134
156535375
156535506
156535625
156535751
156535875
156536000
156536125
156536251
156536375
156536500
156536625
156536751
156536875
156537000
156537125
156537250
156537385
156537625
156537757
156538000
156538135
156538250
156538375
156538500
156538625
156538750
156541625
156541750
156541875
156542000
156542125
156542375
156542507
156542626
156542750
156542875
156543000
156543131
156543250
156543376
156543509
156543750
156544000
156544131
156544251
156544375
156544500
156544625
156544751
156544875
156545000
156545125
156545251
156545382
156545625
156545756
156545875
156546001
156546125
156546250
156546375
156546500
156546633
156546875
156547007
156547250
156547383
156547625
156547757
156548000
156548131
156548250
156548375
156548500
156548625
156548750
156548883
156549125
156549258
156549500
156549631
156549750
156549882
156550000
156550125
156550250
156550375
156550500
156550625
156550750
156550875
156551001
156551125
156551251
156551375
156551500
156551625
156551751
156551875
156552000
156552125
156552256
156552375
156552501
156552625
156552750
156552875
156553000
156553125
156553375
156553506
156553625
156553755
156553875
156554001
156554133
156554375
156554505
156554625
156554751
156554875
156555125
156555258
156555375
156555501
156555625
156555875
156556009
156556250
156556379
156556500
156556750
156556882
156557000
156557125
156557251
156557375
156557500
156557625
156557751
156557875
156558000
156558125
156558250
156558375
156558500
156558625
156558751
156558875
156559000
156559133
156559250
156559375
156559500
156559632
156559875
156560002
156560125
156560251
156560375
156560501
156560633
156560875
156561006
156561125
156561250
156561383
156561625
156561750
156561876
156562000
156562126
156562250
156562375
156562500
156562625
156562750
156562882
156563000
156563126
156563250
156563375
156563501
156563625
156563750
156563882
156564125
156564256
156564375
156564500
156564633
156564750
156565000
156565132
156565250
156565375
156565500
156565625
156565750
156565875
156566000
156566125
156566250
156566375
156566625
156566756
156566875
156567001
156567125
156567251
156567375
156567501
156567625
156567750
156567875
156568000
156568125
156568250
156568375
156568625
156568751
156572380
156572500
156572632
156572875
156573006
156573125
156573251
156573375
156573625
156573750
156573875
156574125
156574256
156574375
156574500
156574625
156574875
156575006
156575125
156575250
156575375
156575500
156575625
156575750
156575875
156576000
156576133
156576375
156576505
156576625
156576751
156576883
156577126
156577250
156577375
156577625
156577750
156577875
156578000
156578250
156578381
156578500
156578625
156578750
156579000
156579132
156579250
156579376
156579501
156579625
156579750
156580000
156580125
156580375
156580505
156580625
156580751
156580875
156581125
156581250
156581375
156581625
156581756
156581875
156582000
156582132
156582255
156582376
156582505
156582625
156582750
156582883
156583125
156583256
156583375
156583501
156583625
156583750
156584000
156584131
156584250
156584375
156584500
156584625
156584750
156584876
156585000
156585132
156585251
156585382
156585500
156585625
156585750
156585876
156586000
156586125
156586250
156586375
156586501
156586632
156586750
156586875
156587000
156587125
156587375
156587500
156587633
156587875
156588001
156588125
156588251
156588375
156588625
156588751
156588883
156589125
156589252
156589375
156589500
156589625
156589750
156589876
156590000
156590125
156590251
156590375
156590500
156590625
156590751
156590875
156591000
156591125
156591375
156591507
156591750
156591882
156592125
156592255
156592375
156592625
156592750
156592876
156593001
156593125
156593250
156593375
156593500
156593633
156593875
156594005
156594125
156594250
156594375
156594501
156594625
156594751
156594875
156595000
156595125
156595250
156595375
156595500
156595625
156595750
156595875
156596000
156596125
156596250
156596375
156596501
156596625
156596750
156596875
156597000
156597125
156597251
156597375
156597501
156597632
156597750
156597875
156598000
156598125
156598251
156598384
156598625
156598755
156598876
156599001
156599125
156599250
156599375
156599500
156599625
156599750
156599875
156600000
156600250
156600375
156600500
156600625
156600750
156600875
156601000
156601125
156601251
156601375
156601500
156601625
156601750
156601876
156602125
156602250
156602375
156602500
156602625
156602750
156602883
156603125
156603252
156603375
156603625
156603750
156604000
156604125
156604250
156604375
156604500
156604632
156604875
156605005
156605250
156605383
156605626
156605750
156605875
156606000
156606125
156606250
156606375
156606500
156606625
156606875
156607000
156607131
156607250
156607375
156607500
156607633
156607750
156607875
156608001
156608133
156608375
156608503
156608626
156608750
156608875
156609001
156609250
156609381
156609500
156609633
156609875
156610001
156610125
156610375
156610500
156610625
156610750
156610883
156611125
156611250
156611383
156611625
156611750
156611876
156612125
156612254
156612375
156612500
156612750
156612881
156613000
156613125
156613375
156613501
156613625
156613875
156614000
156614132
156614375
156614500
156614633
156614875
156615007
156615125
156615251
156615500
156615632
156615875
156616000
156616133
156616375
156616504
156616625
156616875
156617000
156617125
156617250
156617383
156617625
156617750
156618000
156618130
156618250
156618500
156618631
156618750
156618883
156619125
156619256
156619375
156619501
156619625
156619750
156619876
156620003
156620126
156620251
156620375
156620505
156620750
156620882
156621000
156621126
156621250
156621375
156621500
156621625
156621763
156622000
156622131
156622250
156622375
156622500
156622625
156622750
156622875
156623001
156623128
156623250
156623500
156623625
156623750
156623883
156624125
156624251
156624383
156624500
156624625
156624751
156624881
156625000
156625125
156625251
156625383
156625500
156625625
156625751
156625883
156626125
156626252
156626385
156626625
156626753
156626875
156627000
156627125
156627250
156627375
156627500
156627625
156627750
156627875
156628000
156628125
156628250
156628376
156628500
156628625
156628750
156628876
156629001
156629132
156629250
156629375
156629500
156629625
156629750
156629875
156630001
156630125
156630250
156630382
156630501
156630626
156630751
156630875
156631125
156631252
156631383
156631625
156631755
156631875
156632000
156632130
156632250
156632375
156632500
156632632
156632875
156633008
156633250
156633381
156633500
156633625
156633750
156633875
156636000
156636131
156636250
156636382
156636500
156636625
156636750
156636875
156637000
156637130
156637250
156637375
156637500
156637632
156637875
156638000
156638133
156638375
156638500
156638633
156638875
156639000
156639133
156639250
156639375
156639625
156639756
156639875
156640001
156640132
156640250
156640375
156640500
156640625
156640750
156640882
156641000
156641133
156641375
156641506
156641625
156641751
156641883
156642125
156642250
156642384
156642625
156642754
156642875
156643125
156643257
156643375
156643500
156643625
156643750
156643875
156644001
156644250
156644378
156644500
156644625
156644876
156645007
156645125
156645250
156645375
156645501
156645625
156645875
156646005
156646125
156646250
156646376
156646505
156646626
156646750
156646875
156647000
156647126
156647250
156647375
156647500
156647626
156647875
156648006
156648126
156648375
156648500
156648633
156648875
156649005
156649250
156649381
156649500
156649625
156649750
156649875
156650000
156650126
156650250
156650375
156650500
156650625
156650750
156650883
156651125
156651253
156651383
156651625
156651755
156651875
156652125
156652250
156652383
156652500
156652633
156652751
156652875
156653000
156653133
156653250
156653375
156653500
156653625
156653750
156653883
156654125
156654250
156654383
156654500
156654625
156654751
156654883
156655000
156655125
156655251
156655375
156655625
156655750
156655883
156656125
156656250
156656375
156656625
156656755
156656875
156657000
156657125
156657251
156657375
156657500
156657632
156657875
156658000
156658125
156658250
156658383
156658625
156658751
156658875
156659001
156659250
156659381
156659500
156659750
156659882
156660125
156660250
156660375
156660500
156660625
156660750
156660875
156661000
156661125
156661250
156661500
156661625
156661750
156661875
156662000
156662125
156662251
156662375
156662500
156662625
156662750
156662875
156663001
156663125
156663250
156663375
156663625
156663750
156663875
156664000
156665125
156665250
156665376
156665500
156665625
156665750
156665875
156666000
156666125
156666264
156666500
156666625
156666750
156666875
156667000
156667125
156667250
156667376
156667500
156667625
156667750
156667875
156668000
156668250
156668382
156668500
156668625
156668750
156668875
156669000
156669125
156669250
156669375
156669500
156669626
156669875
156670006
156670125
156670250
156670375
156670500
156670625
156670750
156671000
156671132
156671250
156671376
156671500
156671750
156671877
156672000
156672133
156672375
156672500
156672633
156672750
156672876
156673125
156673258
156673500
156673632
156673750
156673875
156674000
156674131
156674250
156674375
156674500
156674626
156674751
156674875
156675125
156675251
156675381
156675500
156675625
156675751
156675875
156676000
156676133
156676375
156676505
156676625
156676875
156677000
156677125
156677250
156677375
156677500
156677625
156677750
156677875
156678000
156678125
156678250
156678383
156678625
156678756
156678875
156679009
156679250
156679382
156679501
156679625
156679750
156679883
156680125
156680256
156680375
156680500
156680626
156680751
156680883
156681125
156681256
156681375
156681500
156681625
156681750
156681875
156682000
156682125
156682251
156682383
156682625
156682750
156682883
156683000
156683125
156683375
156683505
156683751
156683875
156684000
156684125
156684375
156684505
156684625
156684751
156684875
156685000
156685126
156685251
156685375
156685500
156685626
156685750
156685883
156686125
156686256
156686375
156686501
156686631
156686750
156686875
156687000
156687125
156687250
156687375
156687500
156687631
156687750
156687885
156688125
156688251
156688375
156688625
156688755
156688875
156689125
156689250
156689383
156689625
156689751
156689883
156690125
156690250
156690375
156690500
156690625
156690750
156690876
156691003
156691126
156691375
156691507
156691750
156691875
156692125
156692256
156692375
156692501
156692625
156692875
156693003
156693125
156693251
156693375
156693500
156693625
156693750
156693875
156694000
156694250
156694382
156694625
156694750
156694875
156695000
156695125
156695250
156695500
156695629
156695750
156695875
156696000
156696131
156696250
156696375
156696501
156696625
156696875
156697000
156697125
156697250
156697375
156697505
156697625
156697750
156697875
156698001
156698125
156698250
156698375
156698500
156698625
156698750
156698875
156699000
156699251
156699382
156699500
156699632
156699750
156699875
156700000
156700125
156700250
156700375
156700500
156700626
156700750
156700883
156701125
156701256
156701375
156701500
156701625
156701750
156701875
156702125
156702250
156702383
156702625
156702757
156703000
156703130
156703250
156703375
156703500
156703625
156703750
156703875
156704125
156704255
156704500
156704629
156704750
156704875
156705125
156705257
156705375
156705500
156705625
156705751
156705882
156706125
156706250
156706383
156706625
156706756
156706875
156707000
156707125
156707250
156707375
156707500
156707631
156707750
156707875
156708000
156708125
156708250
156708500
156708630
156708750
156708876
156709000
156709250
156709382
156709625
156709758
156710000
156710125
156710253
156710385
156710625
156710758
156711000
156711132
156711375
156711500
156711625
156711875
156712005
156712250
156712375
156712501
156712625
156712751
156712878
156713000
156713133
156713250
156713375
156713500
156713625
156713875
156714000
156714133
156714375
156714504
156714625
156714751
156714884
156715126
156715257
156715500
156715634
156715875
156716007
156716125
156716250
156716375
156716500
156716634
156716875
156717000
156717133
156717375
156717506
156717626
156717755
156717876
156718008
156718250
156718382
156718625
156718758
156719000
156719133
156719375
156719500
156719625
156719750
156719876
156720125
156720250
156720376
156720625
156720750
156720884
156721125
156721258
156721500
156721627
156721756
156721875
156722000
156722125
156722251
156722383
156722500
156722626
156722750
156722883
156723125
156723250
156723383
156723500
156723629
156723750
156724000
156724131
156724250
156724375
156724500
156724629
156724750
156724875
156725000
156725126
156725251
156725375
156725500
156725625
156725750
156725881
156726000
156726125
156726250
156726381
156726500
156726625
156726750
156726875
156727000
156727125
156727250
156727376
156727507
156727625
156727750
156727875
156728000
156728125
156728250
156728375
156728500
156728625
156728750
156728875
156729000
156729134
156729375
156729500
156729625
156729750
156729882
156730125
156730259
156730500
156730634
156730875
156731000
156731133
156731251
156731375
156731501
156731625
156731750
156732000
156732130
156732250
156732375
156732500
156732625
156732751
156732876
156733000
156733125
156733250
156733383
156733625
156733757
156733876
156734000
156734250
156734378
156734500
156734750
156734882
156735000
156735125
156735251
156735384
156735625
156735751
156735875
156736125
156736250
156736375
156736500
156736633
156736875
156737006
156737126
156737259
156737500
156737625
156737759
156738000
156738130
156738250
156738384
156738625
156738754
156738876
156739126
156739257
156739500
156739625
156739751
156739875
156740000
156740125
156740250
156740500
156740631
156740750
156740876
156741000
156741125
156741250
156741383
156741625
156741758
156742000
156742128
156742250
156742500
156742631
156742750
156742875
156743000
156743126
156743375
156743500
156743631
156743750
156743876
156744125
156744255
156744376
156744625
156744754
156744875
156745125
156745257
156745500
156745632
156745750
156745883
156746125
156746250
156746375
156746500
156746626
156746750
156746875
156747000
156747134
156747375
156747502
156747626
156747875
156748006
156748125
156748251
156748375
156748500
156748625
156748750
156748875
156749000
156749125
156749250
156749375
156749500
156749625
156749750
156749875
156750000
156750125
156750250
156750375
156750500
156750625
156750750
156750875
156751000
156751125
156751250
156751375
156751500
156751625
156751750
156751875
156752001
156752125
156752251
156752382
156752625
156752756
156752875
156753000
156753125
156753258
156753500
156753630
156753751
156753875
156754125
156754251
156754500
156754634
156754875
156755000
156755131
156755250
156755375
156755501
156755625
156755750
156755875
156756000
156756126
156756250
156756375
156756500
156756626
156756751
156756882
156757000
156757125
156757250
156757376
156757501
156757625
156757875
156758007
156758125
156758251
156758375
156758500
156758626
156758751
156758882
156759125
156759250
156759750
156759882
156760125
156760254
156760375
156760500
156760625
156760750
156760876
156761001
156761125
156761250
156761375
156761500
156761626
156761875
156762000
156762133
156762375
156762502
156762625
156762750
156763000
156763133
156763376
156763500
156763750
156763876
156764004
156764126
156764376
156765001
156765129
156765250
156765500
156765627
156765750
156765875
156766000
156766125
156766250
156766375
156766500
156766625
156766875
156767000
156767133
156767250
156767375
156767500
156767633
156767875
156768007
156768125
156768250
156768383
156768625
156768757
156768875
156769000
156769125
156769251
156769375
156769500
156769625
156769875
156770004
156770125
156770251
156770383
156770625
156770751
156770875
156771000
156771130
156771250
156771376
156771507
156771750
156771881
156772000
156772125
156772250
156772500
156772632
156772751
156772875
156773000
156773125
156773251
156773382
156773625
156773756
156773876
156774001
156774125
156774250
156774375
156774500
156774632
156774750
156774875
156775000
156775126
156775375
156775503
156775625
156775750
156775881
156776000
156776133
156776250
156776375
156776500
156776626
156776751
156776875
156777000
156777132
156777250
156777383
156777625
156777751
156777883
156778125
156778250
156778375
156778625
156778750
156778881
156779000
156779125
156779375
156779500
156779625
156779750
156779880
156780000
156780250
156780381
156780500
156780633
156780875
156781007
156781126
156781257
156781500
156781633
156781876
156782007
156782126
156782251
156782375
156782510
156782750
156782875
156783000
156783125
156783250
156783383
156783625
156783750
156783883
156784000
156784125
156784250
156784500
156784632
156784750
156784875
156785000
156785125
156785250
156785375
156785500
156785625
156785750
156785875
156786000
156786126
156786250
156786376
156786500
156786625
156786751
156786875
156787000
156787125
156787251
156787375
156787500
156787625
156787750
156787883
156788125
156788256
156788375
156788501
156788634
156788875
156789000
156789133
156789250
156789375
156789501
156789625
156789750
156789875
156790000
156790125
156790251
156790375
156790625
156790755
156791001
156791133
156791375
156791501
156791633
156791875
156792001
156792133
156792375
156792505
156792625
156792750
156792875
156793000
156793135
156793375
156793501
156793625
156793875
156794000
156794125
156794250
156797625
156797750
156797882
156798000
156798125
156798250
156798383
156798625
156798756
156798875
156799001
156799125
156799250
156799376
156799500
156799625
156799751
156799875
156800000
156800126
156800251
156800375
156800500
156800625
156800750
156800875
156801000
156801125
156801250
156801375
156801500
156801625
156801751
156801875
156802001
156802131
156802375
156802508
156802750
156802881
156803000
156803125
156803250
156803375
156803626
156803750
156804000
156804133
156804375
156804506
156804625
156804750
156804875
156805000
156805133
156805375
156805500
156805625
156805750
156806000
156806132
156806375
156806505
156806625
156806750
156806875
156807000
156807125
156807250
156807375
156807625
156807756
156807876
156808010
156808125
156808250
156808375
156808500
156808625
156808750
156808875
156809000
156809125
156809250
156809376
156809500
156809626
156809875
156810008
156810250
156810379
156810500
156810751
156810880
156811000
156811133
156811375
156811500
156811625
156811750
156811875
156812001
156812125
156812250
156812375
156812500
156812625
156812751
156812883
156813125
156813257
156813500
156813631
156813750
156813875
156814001
156814125
156814375
156814500
156814633
156814750
156814875
156815000
156815133
156815375
156815505
156815625
156815751
156815875
156816000
156816126
156816251
156816375
156816500
156816625
156816751
156816875
156817125
156817251
156817383
156817500
156817632
156817875
156818000
156818131
156818375
156818500
156818625
156818750
156818881
156819000
156819126
156819251
156819384
156819625
156819750
156819883
156820000
156820250
156820381
156820501
156820625
156820750
156820875
156821000
156821126
156821251
156821375
156821500
156821625
156821750
156821875
156822000
156822125
156822251
156822376
156822625
156822755
156822876
156823125
156823255
156823375
156823501
156823625
156823750
156823882
156824000
156824125
156824250
156829125
156829251
156829375
156829625
156829752
156829884
156830125
156830257
156830375
156830500
156830626
156830750
156831000
156831130
156831250
156831375
156831500
156831625
156831750
156831875
156832000
156832125
156832250
156832375
156832501
156832625
156832750
156832875
156833000
156833126
156833250
156833375
156833501
156833632
156833875
156834006
156834125
156834251
156834375
156834500
156834625
156834750
156834875
156835001
156835125
156835251
156835380
156835500
156835625
156835750
156835875
156836000
156836126
156836251
156836382
156836500
156836634
156836875
156837006
156837126
156837250
156837383
156837625
156837755
156837875
156838001
156838129
156838250
156838500
156838632
156838750
156838875
156839000
156839126
156839250
156839375
156839500
156839626
156839757
156840000
156840134
156840375
156840506
156840625
156840750
156840882
156841125
156841257
156841500
156841632
156841875
156842007
156842250
156842375
156842500
156842625
156842751
156842883
156843125
156843255
156843375
156843512
156843750
156843883
156844000
156844125
156844250
156844382
156844501
156844625
156844751
156844875
156845001
156845125
156845251
156845375
156845501
156845625
156845750
156845875
156846000
156846126
156846250
156846376
156846500
156846625
156846750
156846875
156847000
156847125
156847250
156847375
156847500
156847625
156847750
156847875
156848000
156848125
156848250
156848375
156848500
156848625
156848750
156848876
156849000
156849125
156849250
156849375
156849500
156849626
156849750
156849875
156850000
156850125
156850250
156850375
156850500
156850625
156850750
156850881
156851000
156851126
156851250
156851375
156851500
156851625
156851750
156851875
156852000
156852125
156852250
156852375
156852501
156852625
156852750
156852875
156853000
156853125
156853250
156853375
156853500
156853625
156853875
156854000
156854250
156854375
156857250
156857375
156857500
156857625
156857750
156857875
156858000
156858125
156858250
156858375
156858500
156858625
156858751
156858875
156859125
156859251
156859383
156859500
156859625
156859750
156859875
156860125
156860255
156860375
156860501
156860625
156860750
156860875
156861000
156861133
156861375
156861500
156861633
156861875
156862000
156862125
156862375
156862506
156862625
156862751
156862875
156863000
156863132
156863250
156863375
156863626
156863755
156863875
156864125
156864250
156864375
156864501
156864625
156864750
156864875
156865000
156865125
156865250
156865375
156865501
156865625
156865876
156866007
156866125
156866250
156866383
156866625
156866750
156866875
156867000
156867125
156867250
156867383
156867500
156867625
156867750
156867875
156868000
156868125
156868251
156868375
156868501
156868625
156868750
156868875
156869000
156869125
156869375
156869505
156869625
156869875
156870005
156870125
156870375
156870505
156870626
156870875
156871004
156871125
156871376
156871500
156871625
156871751
156871883
156872126
156872255
156872375
156872500
156872625
156872751
156872875
156873000
156873125
156873251
156873375
156873500
156873634
156873875
156874007
156874125
156874250
156874375
156874625
156874750
156874875
156875000
156875125
156875375
156875500
156875633
156875875
156876006
156876125
156876251
156876375
156876500
156876750
156876875
156877000
156877133
156877375
156877506
156877625
156877751
156877876
156878000
156878126
156878251
156878383
156878500
156878635
156878875
156879006
156879125
156879251
156879375
156879625
156879757
156880000
156880131
156880250
156880375
156880501
156880632
156880750
156880884
156881125
156881255
156881375
156881500
156881625
156881750
156881882
156882125
156882254
156882375
156882500
156882625
156882875
156883000
156883250
156883383
156883625
156883755
156883875
156884000
156884125
156884375
156884500
156887625
156887750
156887875
156888000
156888125
156888375
156888505
156888625
156888875
156889001
156889250
156889380
156889500
156889633
156889875
156890002
156890125
156890250
156890384
156890625
156890750
156890883
156891125
156891251
156891375
156891500
156891625
156891875
156892006
156892125
156892251
156892375
156892500
156892626
156892750
156892875
156893001
156893125
156893375
156893505
156893625
156893875
156894008
156894250
156894382
156894500
156894625
156894750
156894875
156895000
156895133
156895375
156895505
156895625
156895750
156895875
156896000
156896126
156896250
156896375
156896501
156896625
156896875
156897007
156897250
156897380
156897500
156897625
156897751
156897884
156898000
156898125
156898250
156898383
156898625
156898750
156898883
156899125
156899256
156899375
156899501
156899625
156899750
156899875
156900001
156900125