157290126
157290250
157290375
157290500
157290625
157290750
157290875
157291001
157291125
157291250
157291375
157291500
157291626
157291750
157291875
157292000
157292125
157292250
157292375
157292500
157292625
157292750
157292875
157293000
157293125
157293250
157293375
157293500
157293625
157293750
157293875
157294000
157294125
157294250
157294375
157294500
157294625
157294750
157294875
157295000
157295125
157295250
157295375
157295500
157295625
157295750
157295875
157296000
157296125
157296250
157296375
157296500
157296625
157296750
157296876
157297001
157297125
157297250
157297376
157297501
157297625
157297750
157297875
157298000
157298125
157298250
157298375
157298500
157298625
157298750
157298876
157299000
157299125
157299251
157299375
157299500
157299625
157299750
157299875
157300000
157300125
157300250
157300375
157300500
157300634
157300750
157300875
157301000
157301125
157301250
157301375
157301500
157301625
157301750
157301875
157302000
157302125
157302250
157302375
157302500
157302625
157302750
157302875
157303000
157303125
157303250
157303375
157303500
157303626
157303750
157303875
157304000
157304125
157304250
157304375
157304500
157304626
157304750
157304875
157305000
157305125
157305250
157305375
157305500
157305625
157305750
157305875
157306000
157306125
157306250
157306375
157306500
157306625
157306750
157306875
157307000
157307125
157307250
157307375
157307500
157307625
157307750
157307875
157308000
157308125
157308250
157308375
157308500
157308626
157308751
157308875
157309000
157309125
157309250
157309375
157309500
157309625
157309751
157309875
157310000
157310125
157310250
157310375
157310501
157310625
157310750
157310875
157311000
157311125
157311250
157311376
157311500
157311625
157311750
157311875
157312000
157312125
157312250
157312375
157312500
157312625
157312750
157312875
157313000
157313125
157313250
157313375
157313500
157313625
157313750
157313875
157314000
157314125
157314251
157314375
157314500
157314625
157314750
157314875
157315000
157315125
157315250
157315375
157315500
157315625
157315750
157315875
157316000
157316125
157316250
157316376
157316501
157316625
157316750
157316875
157317000
157317125
157317250
157317375
157317500
157317625
157317750
157317875
157318000
157318125
157318250
157318375
157318500
157318625
157318750
157318875
157319000
157319125
157319250
157319375
157319500
157319625
157319751
157319876
157320000
157320125
157320250
157320375
157320501
157320625
157320750
157320876
157321000
157321125
157321250
157321375
157321500
157321625
157321751
157321875
157322000
157322126
157322250
157322375
157322500
157322625
157322750
157322875
157323000
157323125
157323250
157323375
157323500
157323625
157323750
157323875
157324000
157324125
157324250
157324375
157324500
157324625
157324750
157324875
157325000
157325125
157326250
157326375
157326500
157326625
157326750
157326875
157327000
157327125
157327250
157327375
157327500
157327625
157327750
157327875
157328000
157328125
157328250
157328375
157328500
157328625
157328750
157328875
157329001
157329125
157329250
157329375
157329500
157329625
157329750
157329875
157330000
157330125
157330250
157330375
157330500
157330625
157330751
157330875
157331000
157331125
157331251
157331375
157331500
157331626
157331750
157331875
157332000
157332125
157332250
157332375
157332500
157332625
157332750
157332875
157333000
157333125
157333250
157333375
157333500
157333625
157333750
157333875
157334000
157334125
157334251
157334376
157334500
157334625
157334750
157334875
157335000
157335125
157335250
157335376
157335501
157335625
157335750
157335875
157336000
157336125
157336250
157336375
157336500
157336625
157336750
157336875
157337000
157337125
157337251
157337375
157337500
157337625
157337750
157337875
157338000
157338125
157338250
157338376
157338500
157338625
157338750
157338875
157339000
157339125
157339250
157339375
157339500
157339625
157339750
157339875
157340000
157340125
157340250
157340375
157340501
157340625
157340750
157340875
157341000
157341125
157341250
157341375
157341500
157341625
157341750
157341875
157342000
157342125
157342251
157342375
157342500
157342625
157342750
157342875
157343001
157343125
157343250
157343375
157343500
157343625
157343750
157343875
157344000
157344125
157344250
157344375
157344500
157344625
157344750
157344876
157345000
157345125
157345250
157345375
157345501
157345625
157345750
157345875
157346000
157346125
157346250
157346375
157346500
157346625
157346751
157346875
157347000
157347125
157347250
157347375
157347500
157347625
157347750
157347875
157348000
157348125
157348250
157348375
157348500
157348625
157348750
157348875
157349000
157349125
157349250
157349375
157349500
157349625
157349750
157349875
157350000
157350126
157351000
157351125
157351250
157351375
157351500
157351625
157351750
157351875
157352000
157352125
157352251
157352376
157352501
157352625
157352750
157352875
157353000
157353125
157353250
157353375
157353500
157353625
157353750
157353875
157354001
157354125
157354250
157354375
157354500
157354625
157354750
157354875
157355000
157355125
157358250
157358375
157358500
157358625
157358750
157358875
157359000
157359125
157359250
157359375
157359500
157359625
157359751
157359875
157360000
157360125
157360251
157360375
157360500
157360625
157360751
157360875
157361000
157361125
157361250
157361375
157361500
157361625
157361751
157361875
157362000
157362125
157362250
157362375
157362501
157362625
157362750
157362875
157363000
157363125
157363250
157363375
157363500
157363625
157363751
157363875
157364000
157364125
157364250
157364375
157364500
157364625
157364750
157364875
157365000
157365125
157365250
157365375
157365500
157365625
157365750
157365875
157366000
157366125
157366250
157366375
157366500
157366625
157366750
157366875
157367000
157367125
157367250
157367375
157367500
157367625
157367750
157367876
157368000
157368125
157368251
157368375
157368500
157368625
157368750
157368875
157369000
157369125
157369250
157369375
157369500
157369626
157369750
157369875
157370000
157370126
157370250
157370376
157370500
157370625
157370750
157370875
157371000
157371125
157371250
157371375
157371500
157371625
157371750
157371875
157372000
157372125
157372250
157372375
157372500
157372625
157372750
157372875
157373000
157373125
157373250
157373375
157373500
157373625
157373750
157373875
157374000
157374125
157374250
157374375
157374500
157374625
157374750
157374875
157375000
157375125
157375250
157375375
157375501
157375625
157375750
157375875
157376000
157376126
157376250
157376376
157376500
157376625
157376750
157376875
157377000
157377126
157377250
157377375
157377500
157377625
157377750
157377875
157378000
157378125
157378250
157378376
157378501
157378625
157378750
157378875
157379000
157379126
157379250
157379376
157379500
157379626
157379751
157379875
157380000
157380125
157380251
157380376
157380501
157380625
157380750
157380875
157381000
157381125
157381250
157381375
157381500
157381625
157381751
157381875
157382000
157382125
157382250
157382375
157382500
157382625
157382750
157382875
157383000
157383125
157383250
157383375
157383500
157383625
157383750
157383875
157384000
157384126
157384251
157384375
157384501
157384626
157384750
157384875
157385000
157385126
157385251
157385375
157385500
157385625
157385750
157385875
157386000
157386125
157386250
157386375
157386500
157386625
157386750
157386875
157387000
157387125
157387250
157387375
157387500
157387625
157387750
157387875
157388000
157388126
157388250
157388375
157388500
157388625
157388750
157388875
157389000
157389126
157389250
157389375
157389500
157389626
157389750
157389875
157390000
157390125
157390250
157393000
157393126
157393250
157393375
157393500
157393625
157393750
157393875
157394000
157394125
157394250
157394375
157394500
157394625
157394750
157394875
157395000
157395125
157395250
157395375
157395500
157395625
157395751
157395875
157396000
157396125
157396250
157396375
157396501
157396625
157396750
157396875
157397000
157397125
157397250
157397375
157397500
157397625
157397750
157397875
157398000
157398126
157398250
157398375
157398500
157398625
157398750
157398875
157399000
157399125
157399251
157399375
157399500
157399625
157399750
157399876
157400000
157400125
157400250
157400375
157400500
157400625
157400750
157400875
157401000
157401125
157401250
157401375
157401500
157401625
157401750
157401875
157402001
157402126
157402251
157402375
157402501
157402625
157402750
157402876
157403000
157403125
157403250
157403375
157403500
157403625
157403750
157403875
157404001
157404125
157404250
157404375
157404501
157404625
157404750
157404875
157405000
157405125
157405250
157405375
157405500
157405625
157405750
157405875
157406000
157406125
157406250
157406375
157406500
157406625
157406750
157406875
157407000
157407125
157407250
157407375
157407500
157407625
157407750
157407875
157408000
157408125
157408250
157408375
157408500
157408625
157408750
157408875
157409000
157409125
157409250
157409375
157409500
157409625
157409750
157409875
157410000
157410125
157410250
157410375
157410500
157410625
157410751
157410875
157411000
157411125
157411250
157411375
157411500
157411625
157411750
157411875
157412001
157412125
157412250
157412375
157412500
157412625
157412751
157412875
157413001
157413125
157413250
157413375
157413500
157413625
157413750
157413875
157414000
157414125
157414250
157414375
157414501
157414625
157414750
157414875
157415000
157415126
157415250
157415375
157415500
157415625
157415750
157415875
157416000
157416126
157416251
157416376
157416500
157416625
157416750
157416875
157417000
157417125
157417250
157417375
157417501
157417625
157417751
157417875
157418000
157418125
157418250
157418375
157418500
157418625
157418750
157418875
157419000
157419125
157419251
157419375
157419500
157419626
157419750
157419875
157420000
157420125
157420251
157420375
157420500
157420625
157420750
157420875
157421001
157421125
157421250
157421375
157421500
157421625
157421751
157421875
157422000
157422125
157422250
157422375
157422500
157422625
157422750
157422875
157423000
157423125
157423250
157423375
157423500
157423625
157423750
157423875
157424000
157424126
157424250
157424375
157424500
157424625
157424750
157424876
157425000
157425125
157425250
157426125
157426250
157426375
157426501
157426625
157426750
157426875
157427000
157427125
157427250
157427375
157427500
157427625
157427750
157427875
157428000
157428125
157428251
157428375
157428500
157428626
157428750
157428875
157429000
157429125
157429250
157429375
157429500
157429625
157429750
157429875
157430000
157430125
157430250
157430375
157430500
157430625
157430750
157430875
157431000
157431125
157431250
157431376
157431501
157431625
157431750
157431875
157432000
157432125
157432250
157432375
157432500
157432625
157432750
157432875
157433000
157433125
157433250
157433375
157433500
157433625
157433750
157433875
157434000
157434125
157434251
157434376
157434500
157434626
157434751
157434875
157435000
157435125
157435250
157435375
157435500
157435625
157435750
157435876
157436000
157436126
157436250
157436375
157436500
157436625
157436750
157436875
157437000
157437125
157437250
157437375
157437500
157437625
157437751
157437875
157438000
157438125
157438250
157438375
157438500
157438625
157438750
157438875
157439000
157439125
157439250
157439375
157439500
157439625
157439750
157439875
157440001
157440125
157440250
157440375
157440500
157440625
157440750
157440876
157441001
157441126
157441250
157441375
157441500
157441625
157441750
157441875
157442000
157442125
157442250
157442375
157442500
157442625
157442750
157442875
157443000
157443125
157443251
157443375
157443501
157443625
157443750
157443875
157444000
157444125
157444250
157444375
157444500
157444625
157444750
157444875
157445000
157445125
157445250
157445375
157445500
157445625
157445750
157445875
157446000
157446125
157446250
157446375
157446500
157446625
157446750
157446875
157447000
157447125
157447250
157447375
157447501
157447625
157447750
157447875
157448000
157448125
157448250
157448375
157448500
157448626
157448750
157448875
157449000
157449125
157449251
157449375
157449500
157449625
157449750
157449875
157450000
157450125
157450250
157450375
157450500
157450625
157450751
157450875
157451000
157451125
157451250
157451375
157451500
157451625
157451750
157451875
157452000
157452125
157452250
157452375
157452500
157452625
157452750
157452876
157453000
157453125
157453250
157453375
157453500
157453625
157453750
157453875
157454000
157454125
157454250
157454375
157454500
157454625
157454750
157454875
157455000
157455125
157455250
157457875
157458000
157458125
157458250
157458376
157458500
157458625
157458750
157458875
157459000
157459125
157459250
157459375
157459500
157459625
157459750
157459875
157460000
157460125
157460250
157460375
157460500
157460625
157460750
157460875
157461000
157461125
157461251
157461375
157461501
157461625
157461750
157461875
157462000
157462125
157462250
157462375
157462500
157462625
157462750
157462875
157463000
157463125
157463250
157463375
157463500
157463625
157463750
157463875
157464000
157464125
157464250
157464375
157464500
157464626
157464751
157464875
157465000
157465125
157465250
157465375
157465500
157465625
157465750
157465875
157466000
157466125
157466250
157466375
157466500
157466626
157466751
157466875
157467000
157467125
157467250
157467375
157467500
157467625
157467751
157467875
157468000
157468125
157468250
157468376
157468500
157468626
157468751
157468875
157469000
157469126
157469250
157469376
157469500
157469625
157469750
157469875
157470000
157470125
157470250
157470375
157470500
157470625
157470750
157470875
157471001
157471125
157471250
157471375
157471500
157471625
157471750
157471876
157472001
157472125
157472250
157472375
157472500
157472625
157472750
157472875
157473000
157473125
157473250
157473375
157473500
157473625
157473750
157473875
157474000
157474125
157474250
157474375
157474501
157474625
157474750
157474875
157475000
157475125
157475250
157475375
157475500
157475625
157475750
157475875
157476000
157476126
157476251
157476375
157476500
157476625
157476751
157476876
157477000
157477125
157477250
157477375
157477501
157477626
157477750
157477875
157478001
157478125
157478250
157478375
157478500
157478625
157478750
157478875
157479000
157479125
157479250
157479375
157479500
157479625
157479750
157479875
157480000
157480125
157480250
157480375
157480500
157480625
157480750
157480875
157481000
157481125
157481251
157481375
157481500
157481625
157481750
157481875
157482000
157482125
157482250
157482375
157482500
157482625
157482750
157482875
157483000
157483125
157483250
157483375
157483500
157483625
157483750
157483875
157484000
157484125
157484250
157484375
157484500
157484625
157484750
157484875
157485001
157485125
157485250
157485375
157485500
157485625
157485751
157485875
157486000
157486125
157486251
157486375
157486500
157486625
157486750
157486876
157487000
157487125
157487250
157487375
157487500
157487625
157487750
157487875
157488000
157488125
157488250
157488375
157488500
157488625
157488750
157488875
157489000
157489125
157489250
157489375
157489500
157489625
157489750
157489876
157490000
157490125
157490250
157490375
157490500
157490625
157490750
157490875
157491001
157491125
157491250
157491375
157491500
157491625
157491750
157491875
157492000
157492126
157492251
157492375
157492501
157492625
157492750
157492876
157493001
157493125
157493250
157493375
157493501
157493625
157493750
157493875
157494000
157494125
157494250
157494375
157494501
157494626
157494751
157494875
157495000
157495125
157495250
157495375
157495500
157495625
157495750
157495875
157496000
157496125
157496250
157496375
157496500
157496625
157496750
157496875
157497000
157497126
157497250
157497375
157497500
157497625
157497750
157497875
157498000
157498125
157498250
157498375
157498500
157498625
157498750
157498875
157499000
157499125
157499250
157499375
157499500
157499625
157499750
157499875
157500000
157500125
157500250
157500375
157500500
157500625
157500750
157500875
157501001
157501126
157501250
157501375
157501500
157501625
157501750
157501875
157502000
157502125
157502250
157502375
157502500
157502625
157502750
157502875
157503000
157503125
157503250
157503375
157503500
157503625
157503750
157503875
157504000
157504125
157504250
157504376
157504500
157504626
157504750
157504876
157505000
157505125
157505251
157505375
157505500
157505625
157505750
157505875
157506000
157506125
157506250
157506376
157506500
157506625
157506750
157506875
157507000
157507125
157507250
157507375
157507500
157507625
157507750
157507875
157508000
157508125
157508250
157508375
157508501
157508626
157508751
157508875
157509000
157509125
157509250
157509375
157509501
157509625
157509750
157509875
157510000
157510125
157510250
157510375
157510500
157510625
157510750
157510875
157511000
157511125
157511250
157511375
157511500
157511625
157511751
157511876
157512000
157512125
157512250
157512375
157512500
157512625
157512750
157512875
157513000
157513125
157513251
157513375
157513500
157513625
157513750
157513875
157514000
157514125
157514250
157514375
157514500
157514626
157514750
157514875
157515000
157515125
157515250
157515375
157515501
157515625
157515750
157515875
157516000
157516125
157516250
157516375
157516500
157516625
157516750
157516875
157517000
157517125
157517250
157517375
157517500
157517625
157517751
157517875
157518000
157518125
157518250
157518375
157518501
157518625
157518750
157518875
157519000
157519125
157519250
157519376
157519501
157519625
157519750
157519875
157520000
157520125
157520250
157520375
157520500
157520625
157520750
157520875
157521000
157521125
157521250
157521375
157521500
157521625
157521750
157521876
157522000
157522125
157523750
157523875
157524000
157524126
157524251
157524375
157524500
157524626
157524750
157524875
157525000
157525125
157525250
157525376
157525501
157525626
157525750
157525875
157526000
157526125
157526250
157526375
157526500
157526625
157526751
157526875
157527000
157527125
157527250
157527375
157527500
157527625
157527750
157527875
157528000
157528125
157528250
157528375
157528500
157528625
157528750
157528875
157529000
157529125
157529250
157529375
157529500
157529626
157529750
157529876
157530000
157530125
157530250
157530375
157530500
157530625
157530750
157530875
157531000
157531125
157531250
157531375
157531500
157531625
157531750
157531875
157532000
157532125
157532250
157532376
157532500
157532626
157532750
157532875
157533001
157533125
157533250
157533375
157533500
157533625
157533750
157533875
157534001
157534125
157534250
157534375
157534500
157534625
157534750
157534875
157535000
157535125
157535250
157535375
157535500
157535625
157535750
157535875
157536000
157536125
157536250
157536375
157536500
157536625
157536750
157536875
157537000
157537125
157537250
157537375
157537500
157537625
157537750
157537875
157538000
157538125
157538250
157538375
157538500
157538625
157538750
157538875
157539000
157539126
157539250
157539376
157539500
157539626
157539750
157539875
157540000
157540125
157540250
157540375
157540500
157540625
157540751
157540876
157541001
157541125
157541250
157541375
157541500
157541625
157541750
157541875
157542000
157542125
157542251
157542375
157542500
157542625
157542750
157542875
157543000
157543125
157543250
157543375
157543500
157543625
157543751
157543876
157544001
157544125
157544250
157544375
157544500
157544625
157544750
157544875
157545000
157545125
157545250
157545375
157545501
157545625
157545750
157545875
157546000
157546125
157546251
157546375
157546501
157546626
157546750
157546875
157547000
157547125
157547250
157548000
157548125
157548250
157548375
157548500
157548625
157548750
157548875
157549000
157549125
157549250
157549375
157549500
157549625
157549750
157549875
157550000
157550125
157550250
157550375
157550500
157550625
157550751
157550875
157551000
157551125
157551250
157551376
157551500
157551625
157551750
157551875
157552000
157552125
157552250
157555750
157555875
157556000
157556125
157556250
157556375
157556500
157556625
157556750
157556875
157557000
157557125
157557250
157557375
157557500
157557625
157557750
157557875
157558000
157558125
157558250
157558376
157558500
157558625
157558750
157558876
157559001
157559125
157559250
157559375
157559500
157559625
157559750
157559875
157560001
157560125
157560250
157560375
157560500
157560625
157560750
157560875
157561001
157561125
157561250
157561375
157561501
157561625
157561750
157561875
157562000
157562125
157562250
157562375
157562501
157562625
157562750
157562875
157563000
157563125
157563250
157563375
157563500
157563625
157563750
157563875
157564001
157564125
157564250
157564375
157564500
157564625
157564750
157564875
157565000
157565125
157565250
157565375
157565500
157565625
157565750
157565875
157566000
157566125
157566250
157566375
157566500
157566625
157566750
157566875
157567000
157567125
157567251
157567375
157567500
157567625
157567751
157567875
157568000
157568125
157568250
157568375
157568500
157568625
157568750
157568875
157569000
157569125
157569250
157569375
157569500
157569625
157569750
157569875
157570000
157570125
157570250
157570375
157570500
157570625
157570750
157570875
157571000
157571125
157571250
157571375
157571500
157571625
157571750
157571876
157572000
157572125
157572250
157572376
157572500
157572625
157572750
157572875
157573000
157573125
157573250
157573375
157573500
157573625
157573750
157573875
157574000
157574125
157574250
157574375
157574501
157574625
157574750
157574875
157575000
157575125
157575250
157575375
157575500
157575625
157575750
157575876
157576000
157576125
157576250
157576375
157576500
157576625
157576750
157576875
157577000
157577125
157577250
157577375
157577500
157577625
157577750
157577875
157578001
157578125
157578251
157578375
157578500
157578625
157578750
157578875
157579000
157579125
157579250
157579375
157579500
157579625
157579750
157579875
157580000
157580125
157580250
157580375
157580500
157580625
157580750
157580875
157581000
157581125
157581250
157581375
157581500
157581625
157581750
157581875
157582000
157582125
157582250
157582375
157582501
157582625
157582750
157582875
157583000
157583125
157583250
157583375
157583500
157583625
157583750
157583875
157584000
157584125
157584250
157584375
157584500
157584625
157584750
157584875
157585000
157585126
157585250
157585376
157585500
157585625
157585750
157585875
157586000
157586125
157586375
157586500
157586625
157586750
157586875
157587000
157587125
157587250
157589250
157589375
157589500
157589625
157589750
157589875
157590000
157590125
157590250
157590375
157590500
157590625
157590750
157590875
157591000
157591125
157591250
157591375
157591501
157591625
157591750
157591875
157592000
157592125
157592250
157592375
157592500
157592625
157592750
157592875
157593000
157593125
157593250
157593375
157593500
157593625
157593750
157593875
157594000
157594125
157594250
157594375
157594500
157594625
157594750
157594875
157595000
157595126
157595250
157595375
157595500
157595625
157595750
157595875
157596001
157596125
157596250
157596375
157596500
157596625
157596750
157596875
157597000
157597126
157597250
157597375
157597500
157597625
157597750
157597875
157598000
157598126
157598251
157598375
157598500
157598625
157598750
157598875
157599000
157599125
157599250
157599375
157599500
157599626
157599750
157599875
157600000
157600126
157600251
157600375
157600500
157600625
157600750
157600875
157601000
157601125
157601250
157601375
157601500
157601625
157601750
157601875
157602000
157602126
157602250
157602375
157602501
157602625
157602750
157602875
157603000
157603126
157603251
157603375
157603500
157603625
157603750
157603875
157604001
157604125
157604250
157604375
157604501
157604625
157604750
157604875
157605001
157605126
157605251
157605375
157605500
157605625
157605750
157605875
157606001
157606125
157606250
157606375
157606500
157606625
157606751
157606875
157607000
157607125
157607250
157607375
157607500
157607625
157607750
157607875
157608000
157608126
157608251
157608375
157608500
157608625
157608750
157608875
157609000
157609125
157609250
157609375
157609501
157609625
157609750
157609875
157610000
157610125
157610250
157610376
157610500
157610625
157610750
157610875
157611000
157611126
157611251
157611375
157611500
157611625
157611750
157611875
157612000
157612125
157612250
157612375
157612500
157612625
157612751
157612875
157613000
157613125
157613250
157613375
157613500
157613625
157613750
157613875
157614000
157614125
157614250
157614375
157614500
157614625
157614750
157614875
157615001
157615125
157615250
157615375
157615501
157615625
157615750
157615875
157616000
157616125
157616251
157616375
157616501
157616625
157616750
157616875
157617000
157617125
157617250
157617375
157617500
157617625
157617750
157617875
157618001
157618125
157618251
157618375
157618500
157618625
157618750
157618875
157619000
157619125
157619250
157619375
157619500
157619625
157619750
157619875
157620001
157620125
157620250
157620375
157620500
157620625
157620750
157620875
157621000
157621125
157621250
157621375
157621501
157621625
157621750
157621875
157622000
157622125
157622251
157622375
157623125
157623250
157623375
157623500
157623625
157623750
157623875
157624000
157624125
157624250
157624375
157624500
157624625
157624750
157624875
157625000
157625126
157625251
157625375
157625501
157625625
157625751
157625875
157626000
157626125
157626250
157626375
157626501
157626625
157626751
157626875
157627000
157627125
157627250
157627375
157627500
157627626
157627750
157627875
157628001
157628125
157628250
157628375
157628500
157628626
157628751
157628876
157629000
157629125
157629250
157629375
157629500
157629626
157629750
157629876
157630000
157630125
157630251
157630375
157630500
157630625
157630750
157630876
157631000
157631125
157631250
157631376
157631501
157631625
157631750
157631875
157632000
157632125
157632250
157632375
157632500
157632625
157632750
157632875
157633000
157633126
157633250
157633375
157633500
157633625
157633750
157633875
157634001
157634125
157634250
157634375
157634500
157634625
157634750
157634875
157635000
157635125
157635250
157635375
157635500
157635625
157635750
157635875
157636000
157636125
157636250
157636375
157636500
157636625
157636750
157636875
157637000
157637125
157637250
157637375
157637500
157637625
157637750
157637875
157638001
157638125
157638250
157638375
157638500
157638625
157638750
157638875
157639000
157639125
157639250
157639376
157639500
157639625
157639750
157639875
157640000
157640125
157640250
157640375
157640501
157640625
157640750
157640875
157641000
157641125
157641250
157641375
157641500
157641625
157641750
157641875
157642000
157642125
157642250
157642375
157642500
157642625
157642750
157642875
157643000
157643125
157643251
157643375
157643500
157643625
157643750
157643875
157644001
157644125
157644250
157644375
157644500
157644625
157644750
157644875
157645001
157645125
157645250
157645375
157645500
157645625
157645750
157645875
157646000
157646125
157646250
157646375
157646500
157646625
157646750
157646876
157647000
157647125
157647250
157647375
157647501
157647625
157647750
157647875
157648000
157648126
157648250
157648375
157648500
157648625
157648750
157648875
157649000
157649125
157649250
157649375
157649500
157649625
157649750
157649875
157650000
157650125
157650250
157650375
157650500
157650625
157650750
157650876
157651000
157651125
157651250
157651376
157651501
157651625
157651750
157651875
157652000
157652125
157652250
157652375
157652500
157654000
157654125
157654250
157654375
157654500
157654625
157654750
157654875
157655000
157655125
157655250
157655375
157655500
157655625
157655750
157655875
157656000
157656125
157656250
157656375
157656500
157656625
157656750
157656875
157657000
157657125
157657250
157657375
157657500
157657625
157657750
157657875
157658000
157658125
157658250
157658375
157658500
157658625
157658750
157658875
157659000
157659125
157659250
157659375
157659500
157659625
157659750
157659875
157660000
157660125
157660250
157660375
157660501
157660625
157660750
157660875
157661000
157661125
157661251
157661375
157661500
157661625
157661750
157661875
157662000
157662125
157662250
157662375
157662500
157662625
157662750
157662875
157663000
157663125
157663250
157663375
157663500
157663625
157663750
157663875
157664001
157664125
157664250
157664376
157664500
157664625
157664750
157664875
157665000
157665125
157665250
157665375
157665500
157665625
157665751
157665875
157666000
157666125
157666250
157666375
157666500
157666625
157666750
157666875
157667000
157667125
157667250
157667376
157667500
157667625
157667751
157667875
157668000
157668125
157668250
157668375
157668500
157668625
157668750
157668875
157669000
157669125
157669250
157669375
157669500
157669625
157669750
157669875
157670000
157670125
157670251
157670375
157670501
157670625
157670751
157670875
157671000
157671126
157671250
157671375
157671500
157671625
157671750
157671875
157672000
157672125
157672250
157672376
157672500
157672625
157672751
157672875
157673000
157673125
157673251
157673375
157673500
157673625
157673750
157673875
157674000
157674125
157674250
157674375
157674500
157674625
157674750
157674875
157675000
157675125
157675250
157675375
157675500
157675625
157675750
157675875
157676000
157676125
157676250
157676375
157676500
157676625
157676750
157676876
157677001
157677125
157677250
157677375
157677500
157677625
157677750
157677875
157678000
157678125
157678250
157678376
157678501
157678625
157678750
157678875
157679000
157679125
157679250
157679375
157679500
157679625
157679751
157679875
157680000
157680125
157680250
157680375
157680500
157680625
157680750
157680875
157681000
157681125
157681250
157681375
157681500
157681625
157681750
157681878
157682000
157682125
157682250
157682375
157682500
157685625
157685750
157685875
157686000
157686125
157686250
157686376
157686500
157686625
157686751
157686876
157687000
157687126
157687250
157687375
157687500
157687625
157687750
157687875
157688000
157688125
157688250
157688375
157688500
157688626
157688750
157688875
157689000
157689125
157689250
157689375
157689500
157689625
157689750
157689875
157690000
157690125
157690250
157690376
157690500
157690625
157690750
157690876
157691000
157691125
157691250
157691375
157691500
157691625
157691750
157691876
157692000
157692125
157692250
157692375
157692500
157692625
157692750
157692875
157693000
157693125
157693250
157693375
157693500
157693625
157693750
157693876
157694000
157694125
157694251
157694375
157694500
157694625
157694750
157694875
157695000
157695125
157695250
157695375
157695500
157695625
157695750
157695875
157696000
157696125
157696250
157696375
157696500
157696625
157696750
157696876
157697000
157697125
157697250
157697375
157697500
157697625
157697750
157697875
157698000
157698125
157698250
157698375
157698501
157698625
157698751
157698875
157699000
157699125
157699250
157699375
157699500
157699626
157699751
157699875
157700001
157700125
157700250
157700375
157700500
157700625
157700750
157700875
157701000
157701125
157701250
157701375
157701500
157701625
157701750
157701875
157702000
157702125
157702250
157702375
157702500
157702625
157702750
157702875
157703000
157703125
157703250
157703375
157703500
157703625
157703755
157703875
157704000
157704125
157704250
157704375
157704500
157704625
157704750
157704875
157705000
157705125
157705250
157705375
157705500
157705625
157705750
157705875
157706000
157706125
157706250
157706375
157706501
157706625
157706750
157706875
157707000
157707125
157707250
157707375
157707500
157707625
157707750
157707875
157708000
157708125
157708250
157708375
157708500
157708625
157708751
157708875
157709000
157709125
157709250
157709375
157709500
157709625
157709750
157709875
157710000
157710125
157710250
157710376
157710500
157710625
157710750
157710875
157711000
157711126
157711251
157711375
157711501
157711625
157711750
157711875
157712000
157712125
157712251
157712375
157712501
157712625
157712750
157712875
157713000
157713125
157713251
157713375
157713500
157713625
157713750
157713875
157714001
157714125
157714250
157714375
157714500
157714625
157714750
157714875
157715000
157715125
157715250
157715375
157715500
157715625
157715750
157715875
157716000
157716125
157716250
157716375
157716500
157716625
157716750
157716876
157717000
157717125
157717250
157717375
157717500
157719000
157719126
157719251
157719375
157719500
157719625
157719750
157719875
157720001
157720125
157720250
157720375
157720500
157720625
157720750
157720876
157721000
157721125
157721250
157721375
157721500
157721625
157721750
157721875
157722000
157722125
157722250
157722375
157722500
157722625
157722750
157722875
157723000
157723125
157723250
157723375
157723500
157723626
157723751
157723875
157724000
157724125
157724250
157724375
157724500
157724625
157724750
157724875
157725000
157725126
157725251
157725375
157725500
157725625
157725751
157725875
157726000
157726125
157726250
157726376
157726500
157726625
157726750
157726875
157727000
157727125
157727250
157727375
157727500
157727625
157727750
157727875
157728000
157728125
157728250
157728375
157728500
157728625
157728750
157728875
157729000
157729125
157729250
157729375
157729501
157729625
157729750
157729875
157730000
157730125
157730250
157730375
157730500
157730625
157730750
157730875
157731000
157731125
157731250
157731375
157731500
157731625
157731751
157731875
157732001
157732126
157732250
157732375
157732500
157732625
157732750
157732875
157733000
157733125
157733250
157733375
157733500
157733625
157733750
157733875
157734000
157734125
157734250
157734375
157734500
157734625
157734750
157734875
157735000
157735125
157735250
157735375
157735500
157735625
157735750
157735875
157736000
157736125
157736250
157736375
157736500
157736625
157736750
157736875
157737000
157737126
157737250
157737376
157737500
157737625
157737750
157737875
157738000
157738125
157738250
157738375
157738500
157738626
157738751
157738875
157739000
157739126
157739251
157739375
157739501
157739625
157739750
157739875
157740000
157740126
157740251
157740375
157740500
157740625
157740751
157740875
157741000
157741125
157741250
157741375
157741500
157741625
157741750
157741875
157742000
157742125
157742250
157742376
157742500
157743125
157743251
157743375
157743500
157743625
157743751
157743875
157744000
157744125
157744250
157744375
157744500
157744625
157744750
157744875
157745000
157745125
157745250
157745375
157745500
157745625
157745750
157745875
157746000
157746125
157746250
157746375
157746501
157746625
157746751
157746875
157747000
157747125
157747251
157747375
157747500
157751250
157751375
157751500
157751626
157751750
157751875
157752000
157752125
157752250
157752375
157752500
157752625
157752750
157752875
157753000
157753125
157753250
157753375
157753500
157753625
157753750
157753875
157754005
157754125
157754250
157754375
157754500
157754625
157754750
157754875
157755000
157755126
157755250
157755375
157755500
157755625
157755750
157755875
157756000
157756125
157756250
157756375
157756500
157756625
157756750
157756876
157757001
157757125
157757250
157757375
157757500
157757625
157757750
157757875
157758000
157758125
157758250
157758375
157758500
157758625
157758750
157758876
157759000
157759125
157759250
157759375
157759501
157759625
157759750
157759875
157760001
157760126
157760251
157760375
157760500
157760625
157760751
157760875
157761000
157761125
157761250
157761376
157761501
157761626
157761751
157761875
157762000
157762125
157762250
157762375
157762500
157762625
157762750
157762875
157763000
157763125
157763250
157763375
157763500
157763625
157763751
157763875
157764000
157764126
157764250
157764375
157764500
157764625
157764750
157764875
157765001
157765125
157765250
157765375
157765500
157765625
157765750
157765876
157766000
157766125
157766250
157766375
157766500
157766625
157766750
157766876
157767000
157767125
157767250
157767375
157767500
157767625
157767750
157767876
157768000
157768125
157768250
157768375
157768500
157768625
157768750
157768875
157769000
157769125
157769251
157769375
157769500
157769625
157769750
157769875
157770000
157770125
157770250
157770375
157770500
157770625
157770750
157770875
157771000
157771125
157771250
157771375
157771500
157771625
157771750
157771875
157772000
157772125
157772250
157772376
157772500
157772625
157772751
157772875
157773000
157773125
157773250
157773375
157773500
157773625
157773750
157773875
157774000
157774125
157774250
157774375
157774500
157774625
157774750
157774875
157775000
157775125
157775250
157775375
157775500
157775625
157775750
157775875
157776000
157776125
157776250
157776375
157776500
157776625
157776750
157776875
157777000
157777125
157777250
157777375
157777500
157777625
157778375
157778500
157778625
157778751
157778876
157779000
157779131
157779250
157779375
157779500
157779625
157779750
157779875
157780000
157780125
157780250
157780375
157780500
157780625
157780750
157780876
157781000
157781125
157781250
157781376
157781500
157781625
157781750
157781875
157782000
157782125
157782250
157782375
157782500
157782625
157786500
157786625
157786750
157786875
157787000
157787125
157787250
157787375
157787500
157787625
157787750
157787875
157788000
157788125
157788250
157788375
157788500
157788625
157788750
157788875
157789000
157789125
157789250
157789375
157789500
157789625
157789750
157789876
157790000
157790125
157790250
157790375
157790500
157790625
157790750
157790875
157791000
157791125
157791250
157791375
157791500
157791625
157791750
157791876
157792000
157792126
157792250
157792375
157792501
157792625
157792750
157792875
157793000
157793125
157793250
157793375
157793500
157793625
157793750
157793875
157794001
157794125
157794250
157794376
157794500
157794625
157794750
157794876
157795000
157795126
157795250
157795376
157795500
157795625
157795750
157795876
157796000
157796125
157796250
157796375
157796500
157796625
157796750
157796875
157797000
157797125
157797250
157797375
157797500
157797625
157797750
157797875
157798000
157798125
157798250
157798375
157798500
157798625
157798750
157798875
157799000
157799125
157799250
157799375
157799500
157799625
157799750
157799875
157800000
157800125
157800250
157800375
157800500
157800625
157800750
157800875
157801000
157801125
157801250
157801375
157801500
157801625
157801750
157801875
157802000
157802125
157802250
157802375
157802501
157802625
157802750
157802875
157803000
157803125
157803250
157803375
157803500
157803625
157803751
157803875
157804000
157804125
157804251
157804375
157804500
157804625
157804750
157804875
157805000
157805125
157805250
157805375
157805501
157805625
157805750
157805875
157806000
157806125
157806250
157806376
157806501
157806625
157806751
157806875
157807000
157807125
157807250
157807375
157807500
157807625
157807750
157807875
157808000
157808125
157808250
157808375
157808500
157808625
157808751
157808875
157809000
157809126
157809251
157809376
157809500
157809625
157809750
157809875
157810000
157810125
157810250
157810375
157810500
157810625
157810750
157810875
157811000
157811125
157811250
157811375
157811500
157811625
157811750
157811875
157812001
157812125
157812250
157812375
157812500
157812625
157812750
157812875
157813000
157813126
157813250
157813375
157813500
157813625
157813751
157813875
157814000
157814125
157814250
157814375
157814501
157814625
157814750
157814875
157815000
157815125
157815250
157815375
157815500
157815625
157815750
157815875
157816000
157816125
157816250
157816375
157816501
157816625
157816750
157816875
157817000
157817125
157817250
157817376
157817500
157817625
157817750
157820500
157820626
157820750
157820875
157821000
157821125
157821250
157821375
157821500
157821625
157821751
157821875
157822001
157822125
157822250
157822375
157822500
157822625
157822751
157822875
157823000
157823125
157823251
157823375
157823501
157823625
157823751
157823875
157824000
157824125
157824251
157824375
157824500
157824625
157824751
157824875
157825000
157825125
157825250
157825375
157825500
157825625
157825750
157825875
157826000
157826125
157826251
157826376
157826500
157826625
157826750
157826875
157827000
157827125
157827250
157827375
157827500
157827625
157827750
157827875
157828000
157828125
157828250
157828376
157828500
157828625
157828750
157828875
157829000
157829125
157829250
157829375
157829500
157829625
157829750
157829875
157830000
157830125
157830251
157830375
157830500
157830625
157830750
157830875
157831000
157831125
157831250
157831375
157831500
157831625
157831750
157831875
157832000
157832125
157832250
157832375
157832500
157832625
157832750
157832875
157833000
157833125
157833250
157833375
157833501
157833625
157833750
157833876
157834001
157834125
157834250
157834375
157834500
157834625
157834750
157834875
157835000
157835125
157835251
157835375
157835500
157835625
157835750
157835875
157836000
157836125
157836250
157836375
157836500
157836625
157836750
157836875
157837000
157837125
157837250
157837375
157837500
157837625
157837750
157837875
157838000
157838125
157838251
157838375
157838501
157838625
157838750
157838875
157839000
157839125
157839250
157839375
157839500
157839625
157839750
157839875
157840000
157840125
157840250
157840375
157840501
157840626
157840750
157840875
157841000
157841125
157841250
157841376
157841501
157841626
157841751
157841875
157842000
157842126
157842250
157842375
157842500
157842625
157842750
157842875
157843000
157843125
157843250
157843375
157843501
157843625
157843750
157843875
157844000
157844125
157844250
157844375
157844500
157844625
157844750
157844875
157845000
157845125
157845250
157845375
157845500
157845625
157845750
157845875
157846000
157846125
157846250
157846375
157846500
157846625
157846750
157846876
157847000
157847125
157847250
157847375
157847500
157847625
157847751
157847875
157848000
157848125
157848250
157848375
157848500
157848625
157848750
157848875
157849000
157849125
157849250
157849375
157849500
157849625
157849750
157849876
157850000
157850125
157850250
157850375
157850501
157850625
157850750
157850875
157851000
157851125
157851250
157851375
157851500
157851625
157851750
157851875
157852000
157852125
157852251
157852375
157852500
157852625
157852750
157853875
157854000
157854125
157854250
157854375
157854500
157854626
157854750
157854875
157855000
157855125
157855250
157855375
157855501
157855625
157855751
157855875
157856000
157856126
157856251
157856375
157856500
157856625
157856750
157856876
157857000
157857125
157857251
157857375
157857500
157857625
157857750
157858000
157858125
157858250
157858375
157858500
157858625
157858750
157858875
157859000
157859126
157859250
157859375
157859500
157859626
157859751
157859875
157860000
157860125
157860251
157860375
157860500
157860625
157860750
157860876
157861001
157861125
157861250
157861375
157861500
157861625
157861750
157861875
157862000
157862126
157862251
157862375
157862500
157862625
157862750
157862875
157863000
157863125
157863250
157863375
157863500
157863625
157863750
157863875
157864000
157864125
157864251
157864375
157864501
157864625
157864751
157864875
157865000
157865125
157865250
157865375
157865500
157865625
157865750
157865875
157866000
157866126
157866250
157866375
157866500
157866625
157866750
157866876
157867000
157867125
157867250
157867375
157867500
157867625
157867750
157867875
157868000
157868126
157868250
157868375
157868500
157868625
157868750
157868875
157869000
157869125
157869251
157869375
157869500
157869625
157869750
157869876
157870001
157870125
157870250
157870375
157870500
157870625
157870750
157870875
157871000
157871125
157871250
157871375
157871500
157871625
157871750
157871875
157872000
157872125
157872250
157872375
157872500
157872625
157872750
157872875
157873000
157873125
157873250
157873375
157873500
157873625
157873750
157873875
157874000
157874125
157874250
157874375
157874500
157874625
157874750
157874875
157875000
157875125
157875250
157875375
157875500
157875625
157875750
157875875
157876000
157876126
157876250
157876375
157876500
157876625
157876750
157876875
157877000
157877125
157877250
157877376
157877501
157877625
157877750
157877875
157878001
157878125
157878250
157878375
157878501
157878625
157878750
157878875
157879000
157879125
157879250
157879375
157879500
157879625
157879750
157879875
157880000
157880125
157880250
157880375
157880500
157880626
157880751
157880875
157881000
157881125
157881250
157881375
157881500
157881625
157881750
157881875
157882000
157882126
157882250
157882376
157882500
157882625
157882750
157882875
157885375
157885500
157885625
157885751
157885875
157886000
157886126
157886250
157886375
157886500
157886625
157886750
157886875
157887000
157887125
157887251
157887375
157887500
157887625
157887750
157887875
157888001
157888125
157888250
157888375
157888500
157888625
157888750
157888875
157889000
157889125
157889251
157889376
157889500
157889625
157889750
157889875
157890000
157890126
157890250
157890375
157890500
157890625
157890751
157890875
157891000
157891126
157891250
157891375
157891500
157891625
157891750
157891875
157892000
157892125
157892250
157892375
157892500
157892625
157892751
157892875
157893000
157893125
157893250
157893375
157893500
157893625
157893750
157893875
157894000
157894125
157894250
157894375
157894500
157894625
157894750
157894875
157895000
157895125
157895250
157895375
157895500
157895625
157895750
157895875
157896000
157896125
157896250
157896375
157896500
157896626
157896750
157896875
157897000
157897125
157897250
157897375
157897500
157897625
157897750
157897875
157898000
157898125
157898250
157898375
157898500
157898625
157898750
157898875
157899000
157899125
157899250
157899375
157899500
157899625
157899750
157899875
157900000
157900125
157900250
157900375
157900500
157900625
157900750
157900875
157901001
157901125
157901250
157901375
157901500
157901625
157901750
157901875
157902000
157902125
157902250
157902375
157902500
157902625
157902750
157902875
157903000
157903125
157903250
157903375
157903500
157903625
157903750
157903875
157904001
157904125
157904250
157904375
157904500
157904625
157904750
157904875
157905000
157905125
157905251
157905376
157905500
157905626
157905751
157905875
157906000
157906125
157906251
157906375
157906500
157906625
157906750
157906875
157907000
157907125
157907251
157907376
157907500
157907626
157907750
157907875
157908000
157908125
157908251
157908375
157908500
157908625
157908750
157908876
157909000
157909125
157909250
157909375
157909500
157909625
157909750
157909875
157910000
157910125
157910250
157910375
157910500
157910625
157910750
157910875
157911000
157911125
157911251
157911375
157911501
157911625
157911750
157911875
157912000
157912125
157912250
157912375
157912500
157912625
157912750
157912875
157913001
157913125
157913250
157913375
157913500
157913626
157913750
157913875
157914000
157914125
157914250
157914375
157914500
157914625
157914750
157914875
157915000
157915125
157915250
157915375
157915500
157915625
157915750
157915875
157916000
157916125
157916250
157916375
157916500
157916626
157916750
157916875
157917000
157917125
157917250
157917375
157917500
157917625
157917750
157917875
157918000
157918125
157918250
157918375
157918500
157918625
157918750
157918875
157919000
157919125
157919250
157919375
157919500
157919625
157919750
157919875
157920000
157920125
157920250
157920375
157920500
157920625
157920750
157920875
157921000
157921125
157921250
157921375
157921500
157921625
157921750
157921875
157922000
157922125
157922251
157922375
157922500
157922625
157922750
157922875
157923000
157923125
157923250
157923375
157923500
157923625
157923750
157923875
157924000
157924125
157924250
157924375
157924500
157924625
157924750
157924875
157925000
157925125
157925250
157925375
157925501
157925625
157925750
157925875
157926000
157926125
157926250
157926375
157926500
157926625
157926750
157926875
157927000
157927125
157927250
157927375
157927501
157927625
157927750
157927875
157928001
157928125
157928250
157928375
157928500
157928625
157928750
157928883
157929013
157929125
157929250
157929375
157929500
157929625
157929750
157929875
157930000
157930125
157930250
157930375
157930500
157930625
157930750
157930875
157931000
157931126
157931250
157931375
157931500
157931625
157931751
157931875
157932000
157932125
157932250
157932375
157932500
157932625
157932751
157932875
157933001
157933125
157933250
157933376
157933501
157933625
157933750
157933875
157934000
157934125
157934250
157934375
157934500
157934625
157934750
157934875
157935000
157935125
157935250
157935375
157935500
157935625
157935750
157935875
157936000
157936125
157936250
157936375
157936500
157936625
157936750
157936875
157937001
157937125
157937250
157937376
157937500
157937625
157937750
157937876
157938000
157938125
157938250
157938375
157938500
157938625
157938750
157938875
157939000
157939126
157939251
157939375
157939500
157939625
157939750
157939875
157940001
157940125
157940251
157940375
157940500
157940625
157940750
157940875
157941000
157941125
157941250
157941376
157941500
157941625
157941750
157941875
157942000
157942125
157942250
157942375
157942500
157942626
157942750
157942875
157943000
157943125
157943251
157943375
157943500
157943625
157943751
157943875
157944000
157944125
157944251
157944375
157944500
157944626
157944750
157944875
157945000
157945125
157945250
157945375
157945500
157945625
157945750
157945875
157946000
157946125
157946250
157946375
157946625
157946750
157946875
157947000
157947125
157947250
157947375
157947625
157947750
157947875
157948000
157949625
157949750
157949875
157950000
157950125
157950250
157950375
157950500
157950625
157950750
157950875
157951000
157951125
157951250
157951375
157951500
157951625
157951750
157951875
157952000
157952125
157952250
157952375
157952500
157952625
157952750
157952875
157953000
157953125
157953250
157953375
157953500
157953625
157953750
157953876
157954000
157954126
157954251
157954375
157954500
157954625
157954750
157954875
157955000
157955125
157955250
157955375
157955501
157955625
157955750
157955875
157956001
157956125
157956250
157956375
157956500
157956625
157956750
157956875
157957000
157957125
157957250
157957375
157957500
157957626
157957751
157957875
157958000
157958125
157958250
157958375
157958500
157958625
157958750
157958875
157959000
157959125
157959250
157959375
157959500
157959625
157959750
157959876
157960001
157960126
157960251
157960375
157960500
157960625
157960751
157960875
157961000
157961125
157961251
157961376
157961500
157961625
157961750
157961875
157962001
157962125
157962250
157962375
157962500
157962625
157962750
157962876
157963001
157963125
157963250
157963375
157963500
157963625
157963751
157963875
157964000
157964125
157964250
157964375
157964500
157964625
157964750
157964875
157965001
157965125
157965250
157965375
157965500
157965625
157965750
157965875
157966000
157966125
157966251
157966375
157966500
157966625
157966750
157966875
157967000
157967125
157967250
157967376
157967500
157967626
157967751
157967875
157968000
157968125
157968250
157968375
157968500
157968626
157968750
157968875
157969000
157969125
157969250
157969375
157969500
157969626
157969750
157969875
157970001
157970125
157970250
157970375
157970501
157970625
157970750
157970875
157971000
157971125
157971250
157971375
157971500
157971625
157971750
157971875
157972001
157972126
157972250
157972375
157972500
157972625
157972750
157972875
157973000
157973125
157973250
157973375
157973500
157973625
157973750
157973875
157974000
157974125
157974250
157974375
157974501
157974625
157974750
157974875
157975000
157975125
157975251
157975375
157975500
157975626
157975751
157975875
157976000
157976125
157976250
157976375
157976500
157976626
157976750
157976875
157977000
157977125
157977250
157977375
157977500
157977625
157977750
157977875
157978000
157980875
157981000
157981126
157981250
157981375
157981500
157981625
157981750
157981875
157982001
157982125
157982250
157982375
157982500
157982625
157982750
157982875
157983000
157983125
157983250
157983375
157983500
157983625
157983750
157983875
157984000
157984125
157984250
157984375
157984500
157984625
157984750
157984876
157985000
157985126
157985250
157985375
157985500
157985625
157985750
157985875
157986001
157986125
157986250
157986375
157986501
157986625
157986750
157986876
157987000
157987126
157987250
157987375
157987500
157987625
157987750
157987875
157988000
157988126
157988251
157988375
157988500
157988625
157988750
157988875
157989000
157989125
157989250
157989375
157989500
157989625
157989750
157989875
157990000
157990126
157990251
157990375
157990500
157990625
157990750
157990875
157991000
157991125
157991250
157991375
157991500
157991625
157991750
157991875
157992000
157992125
157992250
157992375
157992500
157992625
157992750
157992875
157993000
157993125
157993250
157993375
157993500
157993625
157993750
157993875
157994001
157994126
157994250
157994375
157994500
157994625
157994750
157994875
157995000
157995125
157995250
157995375
157995500
157995625
157995750
157995875
157996000
157996125
157996250
157996376
157996500
157996625
157996750
157996875
157997001
157997125
157997250
157997375
157997501
157997625
157997750
157997875
157998000
157998125
157998250
157998375
157998500
157998625
157998750
157998875
157999000
157999125
157999250
157999375
157999500
157999625
157999750
157999875
158000000
158000125
158000250
158000375
158000500
158000625
158000750
158000875
158001000
158001125
158001250
158001375
158001500
158001625
158001750
158001875
158002000
158002125
158002250
158002375
158002501
158002625
158002750
158002875
158003000
158003125
158003250
158003375
158003500
158003626
158003750
158003876
158004001
158004125
158004250
158004375
158004500
158004625
158004750
158004875
158005000
158005125
158005251
158005375
158005500
158005625
158005750
158005875
158006000
158006125
158006250
158006375
158006500
158006625
158006750
158006875
158007000
158007125
158007250
158007375
158007500
158007625
158007750
158007875
158008000
158008125
158008251
158008375
158008500
158008626
158008751
158008875
158009000
158009125
158009251
158009375
158009500
158009625
158009750
158009875
158010000
158010125
158010250
158010375
158010500
158010626
158010750
158010875
158011000
158011125
158011250
158011375
158011500
158011625
158011750
158011875
158012000
158012125
158012250
158012375
158012500
158012625
158012750
158012875
158013000
158013125
158013250
158013375
158013500
158013625
158013750
158013875
158014000
158014125
158014250
158014375
158014500
158014625
158014750
158014875
158015000
158015125
158015250
158015375
158015500
158015625
158015751
158015875
158016000
158016125
158016251
158016375
158016500
158016625
158016750
158016875
158017000
158017125
158017250
158017375
158017500
158017625
158017750
158017875
158018000
158018125
158018250
158018375
158018500
158018625
158018750
158018875
158019000
158019125
158019250
158019375
158019500
158019625
158019750
158019875
158020000
158020125
158020250
158020375
158020500
158020625
158020750
158020875
158021000
158021125
158021250
158021375
158021500
158021625
158021750
158021875
158022000
158022125
158022250
158022375
158022501
158022625
158022750
158022875
158023000
158023125
158023250
158023375
158023501
158023625
158023750
158023875
158024000
158024125
158024250
158024375
158024501
158024625
158024750
158024875
158025000
158025125
158025251
158025375
158025500
158025625
158025750
158025875
158026000
158026125
158026250
158026375
158026500
158026625
158026750
158026875
158027000
158027125
158027250
158027375
158027500
158027625
158027750
158027875
158028000
158028125
158028250
158028375
158028501
158028626
158028750
158028875
158029000
158029125
158029251
158029375
158029500
158029625
158029750
158029875
158030000
158030125
158030250
158030375
158030500
158030625
158030750
158030875
158031001
158031125
158031250
158031375
158031500
158031625
158031750
158031876
158032000
158032126
158032251
158032375
158032500
158032625
158032750
158032875
158033000
158033132
158033250
158033375
158033500
158033625
158033750
158033875
158034000
158034125
158034250
158034375
158034500
158034625
158034750
158034875
158035000
158035125
158035250
158035375
158035500
158035625
158035751
158035875
158036000
158036125
158036250
158036376
158036500
158036625
158036750
158036875
158037000
158037125
158037251
158037375
158037500
158037625
158037750
158037875
158038001
158038125
158038251
158038376
158038500
158038625
158038750
158038875
158039000
158039125
158039250
158039375
158039500
158039625
158039750
158039875
158040000
158040125
158040250
158040376
158040500
158040625
158040751
158040876
158041000
158041125
158041250
158041375
158041500
158041626
158041750
158041876
158042000
158042125
158042250
158042375
158042500
158042625
158042750
158042875
158043000
158043125
158043750
158043875
158044001
158044125
158044251
158044375
158044500
158044625
158044750
158044875
158045000
158045125
158045250
158045375
158045500
158045625
158045751
158045875
158046000
158046125
158046250
158046375
158046500
158046625
158046750
158046875
158047001
158047125
158047250
158047375
158047500
158047625
158047750
158047875
158048000
158048125
158048250
158048375
158048500
158048625
158048750
158048876
158049000
158049125
158049250
158049375
158049501
158049625
158049750
158049875
158050000
158050125
158050250
158050375
158050500
158050625
158050750
158050875
158051001
158051125
158051250
158051375
158051500
158051625
158051750
158051875
158052000
158052125
158052250
158052375
158052501
158052625
158052750
158052875
158053000
158053125
158053250
158053375
158053500
158053625
158053750
158053875
158054000
158054125
158054250
158054375
158054500
158054625
158054750
158054875
158055000
158055125
158055250
158055375
158055500
158055625
158055750
158055875
158056000
158056125
158056250
158056375
158056500
158056625
158056750
158056875
158057000
158057125
158057250
158057375
158057501
158057626
158057750
158057875
158058000
158058125
158058250
158058375
158058500
158058625
158058750
158058875
158059000
158059125
158059250
158059375
158059501
158059625
158059751
158059875
158060000
158060125
158060250
158060375
158060500
158060625
158060750
158060875
158061000
158061125
158061250
158061375
158061500
158061625
158061750
158061875
158062000
158062125
158062250
158062375
158062501
158062625
158062750
158062875
158063000
158063125
158063250
158063375
158063501
158063625
158063750
158063875
158064001
158064125
158064250
158064376
158064501
158064625
158064750
158064875
158065001
158065125
158065250
158065375
158065500
158065625
158065750
158065876
158066001
158066125
158066250
158066375
158066500
158066625
158066750
158066875
158067000
158067125
158067250
158067375
158067500
158067626
158067750
158067875
158068000
158068125
158068250
158068376
158068501
158068625
158068750
158068875
158069000
158069125
158069250
158069375
158069500
158069625
158069750
158069876
158070000
158070125
158070250
158070375
158070500
158070626
158070750
158070875
158071000
158071125
158071250
158071375
158071500
158071626
158071750
158071876
158072000
158072125
158072250
158072376
158072500
158072625
158072750
158072875
158073000
158073125
158073250
158073376
158073500
158073625
158073750
158073875
158074001
158074125
158074250
158074376
158074500
158074625
158074750
158074875
158075000
158075125
158075250
158075375
158075501
158075625
158075750
158075875
158076001
158076125
158076250
158076375
158076500
158076625
158076750
158076875
158077001
158077126
158077251
158077376
158077500
158077625
158077750
158077875
158078000
158078125
158078250
158078376
158078501
158078625
158078750
158078875
158079000
158079125
158079250
158079375
158079500
158079625
158079750
158079875
158080000
158080125
158080250
158080375
158080500
158080625
158080750
158080875
158081001
158081125
158081250
158081375
158081500
158081625
158081750
158081875
158082000
158082125
158082250
158082375
158082500
158082625
158082750
158082876
158083000
158083125
158083250
158083375
158083500
158083625
158083751
158083875
158084000
158084125
158084251
158084375
158084500
158084625
158084750
158084875
158085000
158085125
158085250
158085375
158085500
158085625
158085750
158085875
158086000
158086125
158086250
158086375
158086500
158086625
158086750
158086876
158087000
158087125
158087250
158087376
158087500
158087626
158087750
158087875
158088000
158088125
158088250
158088375
158088500
158088625
158088750
158088876
158089000
158089125
158089250
158089376
158089500
158089625
158089750
158089875
158090000
158090125
158090251
158090375
158090500
158090625
158090750
158090875
158091000
158091125
158091250
158091376
158091501
158091625
158091751
158091875
158092000
158092125
158092250
158092375
158092501
158092625
158092750
158092875
158093000
158093125
158093250
158093375
158093501
158093625
158093750
158093875
158094000
158094125
158094250
158094375
158094500
158094625
158094750
158094875
158095000
158095126
158095250
158095375
158095500
158095625
158095751
158095875
158096000
158096125
158096250
158096375
158096501
158096625
158096750
158096875
158097000
158097126
158097250
158097375
158097500
158097625
158097751
158097875
158098000
158098125
158098251
158098375
158099626
158099750
158099875
158100000
158100125
158100253
158100375
158100501
158100626
158100750
158100875
158101000
158101125
158101250
158101375
158101500
158101625
158101751
158101875
158102000
158102125
158102250
158102375
158102500
158102625
158102751
158102875
158103000
158103125
158103250
158103375
158103500
158103625
158103750
158103875
158104000
158104125
158104250
158104375
158104500
158104625
158104750
158104875
158105000
158105126
158105251
158105375
158105500
158105626
158105750
158105875
158106001
158106125
158106250
158106375
158106500
158106625
158106751
158106875
158107000
158107125
158107250
158107375
158107500
158107625
158107750
158107875
158108000
158108125
158108250
158108376
158108500
158108625
158108750
158108875
158109000
158109125
158109250
158109375
158109500
158109626
158109750
158109875
158110000
158110125
158110250
158110375
158110500
158110625
158110750
158110875
158111000
158111125
158111250
158111375
158111500
158111625
158111750
158111875
158112000
158112125
158112250
158112375
158112500
158112625
158112750
158112875
158113000
158113125
158113250
158113375
158113500
158113625
158113751
158113875
158114000
158114125
158114251
158114375
158114500
158114625
158114751
158114876
158115001
158115125
158115250
158115375
158115500
158115625
158115750
158115875
158116001
158116125
158116250
158116375
158116500
158116625
158116750
158116875
158117001
158117125
158117250
158117375
158117500
158117625
158117750
158117875
158118000
158118125
158118250
158118375
158118501
158118625
158118750
158118876
158119000
158119126
158119251
158119375
158119500
158119625
158119750
158119875
158120000
158120125
158120251
158120375
158120500
158120625
158120750
158120875
158121001
158121125
158121250
158121375
158121501
158121625
158121750
158121876
158122001
158122125
158122251
158122375
158122500
158122626
158122750
158122875
158123000
158123125
158123250
158123376
158123500
158123625
158123750
158123875
158124000
158124125
158124250
158124376
158124500
158124625
158124750
158124875
158125000
158125125
158125250
158125375
158125501
158125625
158125750
158125875
158126000
158126125
158126251
158126375
158126500
158126626
158126751
158126875
158127000
158127126
158127250
158127375
158127500
158127626
158127751
158127876
158128000
158128125
158128250
158128375
158131875
158132000
158132125
158132250
158132376
158132500
158132625
158132750
158132876
158133001
158133125
158133250
158133375
158133500
158133625
158133750
158133875
158134000
158134125
158134250
158134375
158134500
158134626
158134751
158134875
158135000
158135125
158135250
158135375
158135500
158135625
158135750
158135875
158136000
158136125
158136251
158136375
158136501
158136625
158136750
158136875
158137000
158137125
158137250
158137375
158137500
158137626
158137751
158137875
158138000
158138125
158138251
158138375
158138500
158138625
158138750
158138875
158139000
158139125
158139250
158139375
158139500
158139626
158139751
158139875
158140001
158140125
158140250
158140376
158140500
158140625
158140751
158140875
158141000
158141126
158141250
158141375
158141500
158141625
158141750
158141875
158142000
158142125
158142250
158142375
158142501
158142625
158142750
158142875
158143001
158143126
158143251
158143376
158143500
158143625
158143750
158143875
158144000
158144125
158144250
158144375
158144500
158144625
158144750
158144875
158145000
158145125
158145250
158145375
158145500
158145625
158145750
158145875
158146000
158146125
158146251
158146375
158146500
158146625
158146750
158146875
158147001
158147125
158147250
158147375
158147500
158147625
158147750
158147875
158148000
158148125
158148250
158148375
158148501
158148625
158148750
158148875
158149000
158149125
158149250
158149375
158149500
158149625
158149750
158149875
158150000
158150125
158150250
158150375
158150500
158150625
158150750
158150875
158151001
158151126
158151250
158151376
158151500
158151625
158151751
158151876
158152001
158152125
158152250
158152376
158152500
158152625
158152750
158152876
158153000
158153125
158153251
158153375
158153500
158153625
158153750
158153875
158154000
158154125
158154250
158154375
158154500
158154625
158154750
158154875
158155000
158155125
158155250
158155375
158155501
158155625
158155750
158155875
158156001
158156125
158156250
158156375
158156500
158156625
158156750
158156875
158157000
158157126
158157250
158157375
158157500
158157625
158157750
158157875
158158000
158158125
158158250
158158375
158158500
158158625
158158751
158158875
158159000
158159125
158159250
158159375
158159501
158159625
158159750
158159875
158160000
158160125
158160250
158160376
158160500
158160625
158160750
158160875
158161000
158161125
158161250
158161375
158161500
158161625
158161750
158161875
158162000
158162126
158162250
158162375
158162500
158162625
158162750
158162875
158163000
158163125
158163250
158163375
158164125
158164250
158164375
158164500
158164625
158164750
158164875
158165000
158165125
158165250
158165375
158165500
158165625
158165750
158165875
158166000
158166125
158166250
158166375
158166500
158166626
158166750
158166876
158167000
158167125
158167250
158167375
158167500
158167626
158167751
158167875
158168000
158168125
158168250
158168375
158168501
158168625
158168750
158168875
158169000
158169125
158169250
158169376
158169500
158169625
158169750
158169875
158170000
158170125
158170250
158170375
158170501
158170625
158170750
158170875
158171000
158171125
158171250
158171375
158171500
158171625
158171750
158171875
158172000
158172125
158172250
158172375
158172500
158172625
158172750
158172875
158173001
158173125
158173250
158173375
158173500
158173625
158173750
158173875
158174000
158174125
158174250
158174375
158174500
158174626
158174751
158174875
158175000
158175125
158175251
158175375
158175500
158175625
158175750
158175875
158176000
158176125
158176250
158176376
158176500
158176626
158176751
158176875
158177000
158177125
158177250
158177375
158177500
158177626
158177750
158177876
158178000
158178125
158178250
158178376
158178500
158178625
158178750
158178875
158179000
158179125
158179251
158179375
158179500
158179625
158179750
158179875
158180000
158180125
158180250
158180375
158180500
158180625
158180750
158180876
158181001
158181125
158181250
158181375
158181500
158181625
158181750
158181875
158182000
158182125
158182250
158182375
158182500
158182625
158182750
158182875
158183000
158183125
158183250
158183375
158183500
158183625
158183750
158183875
158184000
158184125
158184250
158184375
158184500
158184625
158184750
158184875
158185001
158185125
158185250
158185375
158185500
158185625
158185751
158185875
158186000
158186125
158186250
158186376
158186500
158186625
158186750
158186875
158187000
158187125
158187250
158187375
158187500
158187625
158187750
158187875
158188000
158188125
158188250
158188375
158188500
158188625
158188750
158188875
158189000
158189125
158189250
158189375
158189500
158189625
158189750
158189875
158190001
158190125
158190250
158190375
158190500
158190625
158190750
158190875
158191001
158191125
158191250
158191375
158191500
158191625
158191751
158191875
158192000
158192125
158192250
158192375
158192500
158192625
158192750
158192875
158193000
158193126
158193251
158193375
158193500
158193625
158193750
158193875
158194000
158194125
158194251
158194375
158194500
158194625
158194750
158194875
158195000
158195125
158195250
158195375
158195500
158195625
158195750
158195875
158196000
158196125
158196250
158196375
158196500
158196625
158196750
158196875
158197000
158197125
158197251
158197375
158197500
158197625
158197750
158197875
158198000
158198125
158198250
158198375
158198500
158198626
158198751
158198875
158199000
158199125
158199250
158199375
158199500
158199625
158199750
158199875
158200000
158200125
158200250
158200375
158200500
158200625
158200751
158200875
158201001
158201125
158201250
158201375
158201500
158201625
158201750
158201875
158202000
158202125
158202250
158202376
158202501
158202625
158202750
158202875
158203000
158203125
158203250
158203375
158203500
158203625
158203750
158203875
158204000
158204125
158204250
158204375
158204500
158204625
158204750
158204875
158205001
158205126
158205250
158205375
158205500
158205625
158205750
158205875
158206000
158206125
158206250
158206375
158206500
158206625
158206750
158206875
158207001
158207125
158207250
158207375
158207500
158207625
158207750
158207875
158208000
158208126
158208250
158208375
158208501
158208625
158208750
158208875
158209000
158209125
158209250
158209375
158209500
158209625
158209750
158209876
158210000
158210125
158210250
158210375
158210500
158210625
158210750
158210875
158211000
158211125
158211250
158211375
158211500
158211625
158211750
158211875
158212000
158212125
158212250
158212375
158212501
158212625
158212750
158212875
158213000
158213125
158213250
158213375
158213500
158213625
158213750
158213875
158214000
158214125
158214250
158214375
158214500
158214625
158214751
158214875
158215000
158215125
158215250
158215375
158215500
158215625
158215750
158215875
158216000
158216125
158216250
158216375
158216501
158216625
158216750
158216875
158217000
158217125
158217250
158217375
158217500
158217625
158217750
158217875
158218000
158218125
158218250
158218375
158218501
158218625
158218750
158218875
158219000
158219125
158219250
158219375
158219500
158219625
158219750
158219876
158220000
158220125
158220250
158220375
158220500
158220625
158220750
158220875
158221001
158221125
158221250
158221375
158221500
158221625
158221750
158221875
158222000
158222125
158222250
158222375
158222500
158222625
158222750
158222875
158223000
158223125
158223250
158223375
158223500
158223625
158223750
158223875
158224000
158224125
158224251
158224375
158224500
158224625
158224750
158224875
158225000
158225125
158225250
158225375
158225500
158225625
158225750
158225875
158226000
158226125
158226250
158226375
158226500
158226625
158226750
158226875
158227000
158227125
158227250
158227375
158227500
158227625
158227750
158227875
158228000
158228125
158228251
158228376
158228500
158228625
158229000
158229125
158229250
158229375
158229500
158229625
158229751
158229875
158230000
158230126
158230250
158230375
158230501
158230625
158230750
158230875
158231000
158231125
158231250
158231375
158231500
158231625
158231751
158231875
158232000
158232125
158232250
158232375
158232500
158232625