157290125
157290250
157290375
157290500
157290626
157290750
157291000
157291125
157291375
157291500
157291751
157291875
157292125
157292250
157292500
157292625
157292875
157293000
157293251
157293375
157293500
157293626
157293875
157294000
157294250
157294375
157294625
157294755
157295000
157295125
157295375
157295500
157295750
157295875
157296125
157296250
157296375
157296625
157296750
157297000
157297125
157297375
157297500
157297750
157297875
157298000
157298125
157298375
157298501
157298625
157298875
157299000
157299125
157299250
157299375
157299509
157299750
157299875
157300125
157300250
157300375
157300501
157300625
157300875
157301000
157301250
157301375
157301625
157301750
157302000
157302125
157302375
157302500
157302631
157302876
157303001
157303250
157303376
157303625
157303750
157304000
157304125
157304375
157304500
157304750
157304875
157305000
157305125
157305252
157305375
157305500
157305625
157305875
157306010
157306250
157306375
157306625
157306750
157307000
157307125
157307375
157307505
157307625
157307750
157307876
157308001
157308125
157308375
157308500
157308625
157308750
157308875
157309000
157309133
157309375
157309500
157309633
157309750
157309875
157310001
157310133
157310250
157310375
157310500
157310633
157310750
157310875
157311000
157311125
157311375
157311501
157311633
157311875
157312000
157312126
157312250
157312376
157312500
157312625
157312750
157312876
157313001
157313125
157313250
157313375
157313500
157313626
157313751
157313877
157314009
157314250
157314381
157314500
157314625
157314750
157314879
157315000
157315125
157315375
157315500
157315625
157315751
157315875
157316000
157316130
157316251
157316500
157316633
157316875
157317006
157317125
157317250
157317381
157317500
157317625
157317750
157317875
157318000
157318131
157318250
157318382
157318625
157318750
157318875
157319000
157319125
157319250
157319377
157319500
157319750
157319883
157320000
157320125
157322501
157322625
157322750
157322883
157323125
157323251
157323500
157323633
157323875
157324000
157324126
157324251
157324379
157324500
157324631
157324750
157324876
157325001
157325125
157325250
157325377
157325500
157325625
157325750
157325879
157326000
157326132
157326250
157326382
157326501
157326625
157326750
157326876
157327000
157327133
157327375
157327501
157327625
157327750
157327875
157328000
157328125
157328250
157328375
157328500
157328625
157328750
157328875
157329000
157329125
157329250
157329375
157329500
157329625
157329750
157329875
157330000
157330125
157330250
157330375
157330500
157330625
157330750
157330875
157331000
157331133
157331250
157331375
157331625
157331752
157331875
157332001
157332125
157332250
157332375
157332500
157332625
157332751
157332883
157333125
157333250
157333375
157333500
157333629
157333750
157333875
157334125
157334250
157334375
157334500
157334633
157334875
157335002
157335125
157335375
157335501
157335627
157335750
157335875
157336001
157336125
157336250
157336375
157336625
157336755
157336875
157337125
157337254
157337375
157337500
157337625
157337875
157338000
157338133
157338250
157338375
157338501
157338633
157338750
157338875
157339000
157339125
157339250
157339375
157339500
157339625
157339750
157339882
157340125
157340253
157340376
157340500
157340633
157340750
157340875
157341000
157341125
157341250
157341375
157341625
157341750
157341875
157342001
157342125
157342250
157342375
157342500
157342625
157342751
157342882
157343000
157343126
157343251
157343382
157343500
157343625
157343750
157343875
157344000
157344125
157344375
157344503
157344625
157344750
157344883
157345125
157347375
157347500
157347625
157347750
157347875
157348125
157348251
157348375
157348626
157348755
157348875
157349126
157349257
157349375
157349500
157349625
157349750
157349875
157350000
157350250
157352875
157353000
157353134
157353375
157353501
157353633
157353750
157353875
157354000
157354125
157354250
157354375
157354500
157354750
157354875
157355001
157355250
157355380
157355500
157355625
157355750
157355875
157356000
157356125
157356250
157356375
157356500
157356625
157356750
157356875
157357000
157357125
157357250
157357375
157357501
157357625
157357750
157357875
157358000
157358125
157358250
157358375
157358505
157358626
157358750
157358875
157359125
157359251
157359375
157359625
157359750
157359875
157360000
157360250
157360381
157360500
157360628
157360763
157361000
157361133
157361375
157361502
157361625
157361755
157361875
157362126
157362258
157362500
157362631
157362750
157362883
157363000
157363125
157363250
157363375
157363500
157363625
157363750
157363875
157364001
157364125
157364250
157364375
157364500
157364626
157364751
157364875
157365000
157365128
157365250
157365375
157365501
157365634
157365875
157366006
157366125
157366250
157366376
157366500
157366625
157366750
157366875
157367000
157367125
157367250
157367375
157367500
157367625
157367750
157367876
157368000
157368126
157368250
157368375
157368500
157368625
157368750
157368875
157369000
157369125
157369250
157369375
157369500
157369625
157369750
157369875
157370000
157370126
157370375
157370505
157370625
157370750
157370875
157371000
157371125
157371250
157371375
157371500
157371625
157371750
157371875
157372000
157372126
157372250
157372375
157372500
157372625
157372750
157372875
157373000
157373125
157373250
157373375
157373500
157373625
157373751
157373881
157374000
157374133
157374375
157374505
157374625
157374875
157375004
157375125
157375375
157375505
157375625
157375750
157375875
157376000
157376126
157376251
157376383
157376625
157376750
157376875
157377000
157377126
157377251
157377375
157377500
157377633
157377876
157378005
157378125
157378258
157378500
157378631
157378750
157378875
157379125
157379251
157379500
157379875
157380000
157380125
157380250
157380375
157380500
157380626
157380750
157380875
157381000
157381125
157381250
157381376
157381501
157381625
157381750
157381876
157382001
157382126
157382375
157382500
157382750
157382875
157383000
157383125
157383250
157383500
157383625
157383750
157383878
157384000
157384131
157384250
157384375
157384500
157384625
157384875
157385000
157385133
157385375
157385505
157385625
157385875
157386003
157386125
157386251
157386375
157386625
157386750
157386884
157387125
157387256
157387375
157387500
157387631
157387750
157387875
157388125
157388251
157388383
157388500
157388625
157388750
157388883
157389000
157389125
157389251
157389375
157389626
157389751
157389875
157390125
157390250
157390375
157390500
157390625
157390750
157390883
157391125
157391254
157391375
157391625
157391755
157391875
157392000
157392126
157392251
157392382
157392501
157392625
157392750
157392875
157393000
157393125
157393250
157393375
157393500
157393625
157393750
157393883
157394125
157394257
157394376
157394500
157394750
157394882
157395125
157395250
157395500
157395633
157395875
157396004
157396250
157396377
157396500
157396626
157396750
157396883
157397125
157397255
157397376
157397625
157397754
157397875
157398125
157398252
157398375
157398501
157398633
157398875
157399005
157399125
157399375
157399501
157399625
157399751
157399875
157400007
157400250
157400375
157400501
157400631
157400750
157400875
157401125
157401250
157401375
157401500
157401632
157401750
157401883
157402125
157402256
157402375
157402501
157402625
157402750
157402876
157403000
157403125
157403250
157403376
157403501
157403630
157403750
157403875
157404001
157404134
157404375
157404506
157404625
157404751
157404875
157405000
157405126
157405257
157405500
157405633
157405751
157405876
157406125
157406256
157406375
157406500
157406625
157406751
157406875
157407000
157407125
157407251
157407382
157407625
157407756
157408000
157408127
157408258
157408500
157408632
157408875
157409006
157409125
157409251
157409375
157409500
157409625
157409750
157409882
157410000
157410125
157410250
157410375
157410625
157410754
157410875
157411001
157411125
157411250
157411375
157411500
157411625
157411750
157411875
157412000
157412125
157412250
157412383
157412505
157412750
157412882
157413000
157413125
157413250
157413376
157413500
157413625
157413751
157413875
157414000
157414126
157414257
157414500
157414633
157414875
157415006
157415125
157415250
157416625
157416750
157416875
157417001
157417133
157417250
157417375
157417625
157417754
157417875
157418000
157418131
157418250
157418375
157418625
157418755
157418875
157419125
157419256
157419375
157419501
157419625
157419750
157419876
157420000
157420125
157420250
157420383
157420625
157420756
157420875
157421001
157421132
157421375
157421506
157421625
157421751
157421884
157422125
157422251
157422376
157422505
157422626
157422875
157423006
157423125
157423250
157423375
157423500
157423626
157423751
157423884
157424125
157424254
157424375
157424626
157424755
157424875
157425125
157425255
157425375
157425500
157425625
157425750
157425875
157426000
157426125
157426251
157426384
157426625
157426750
157426875
157427000
157427125
157427250
157427383
157427500
157427625
157427875
157428001
157428133
157428250
157428375
157428500
157428750
157428881
157429000
157429131
157429250
157429382
157429625
157429752
157429875
157430000
157430125
157430250
157430375
157430500
157430625
157430750
157430875
157431000
157431125
157431250
157431375
157431500
157431625
157431750
157431875
157432000
157432125
157432250
157432375
157432500
157432626
157432751
157432875
157433000
157433125
157433250
157433378
157433500
157433626
157433750
157433875
157434000
157434126
157434250
157434383
157434625
157434752
157434875
157435000
157435125
157435250
157435375
157435500
157435625
157435750
157435875
157436000
157436125
157436250
157436375
157436500
157436625
157436750
157436875
157437000
157437125
157437250
157437375
157437500
157437633
157437750
157437875
157438001
157438133
157438250
157438376
157438500
157438625
157438750
157439000
157439131
157439250
157439375
157439500
157439625
157439750
157439875
157440000
157440125
157440250
157440376
157440500
157440625
157440750
157440875
157441000
157441125
157441257
157441500
157441633
157441875
157442006
157442250
157442380
157442500
157442625
157442750
157442875
157443125
157443252
157443376
157443501
157443632
157443751
157443875
157444000
157444125
157444251
157444375
157444501
157444625
157444751
157444875
157445125
157445256
157445375
157445500
157445625
157445750
157445882
157446000
157446126
157446251
157446375
157446625
157446755
157447000
157447126
157447250
157447375
157447500
157447625
157447751
157448000
157448131
157448250
157448385
157448625
157448756
157448875
157449000
157449250
157449382
157449625
157449755
157449875
157450003
157450250
157450375
157450500
157450625
157450750
157450875
157451000
157451125
157451251
157451375
157451500
157451633
157451750
157451875
157452000
157452126
157452251
157452375
157452500
157452625
157452750
157452875
157453000
157453125
157453250
157453375
157453500
157453625
157453750
157453875
157454000
157454125
157454250
157454375
157454500
157454625
157454750
157454875
157455000
157455125
157455250
157455375
157455501
157455625
157455750
157455875
157456001
157456125
157456251
157456375
157456501
157456632
157456751
157456882
157457000
157457125
157457250
157457375
157457500
157457625
157457750
157457875
157458000
157458125
157458250
157458375
157458500
157458633
157458875
157459007
157459125
157459250
157459375
157459501
157459625
157459751
157459875
157460000
157460125
157460250
157460375
157460501
157460633
157460875
157461000
157461126
157461251
157461375
157461625
157461757
157462000
157462133
157462375
157462506
157462750
157462883
157463125
157463256
157463375
157463500
157463625
157463750
157463875
157464001
157464125
157464250
157464375
157464500
157464625
157464750
157464882
157465125
157465250
157465375
157465501
157465631
157465750
157465875
157466000
157466125
157466375
157466505
157466626
157466750
157466883
157467125
157467250
157467375
157467500
157467625
157467750
157467875
157468000
157468132
157468375
157468505
157468625
157468750
157468876
157469001
157469132
157469250
157469382
157469500
157469625
157469750
157469882
157470125
157470256
157470375
157470500
157470625
157470750
157470875
157471000
157471125
157471250
157471375
157471500
157471625
157471750
157471875
157472000
157472125
157472250
157472375
157472500
157472626
157472750
157472875
157473000
157473125
157473250
157473375
157473500
157473625
157473750
157473875
157474000
157474125
157474253
157474375
157474500
157474635
157474875
157475005
157475126
157475250
157475500
157475632
157475875
157476000
157476131
157476250
157476375
157476500
157476634
157476875
157477000
157477131
157477250
157477375
157477501
157477632
157477750
157477876
157478000
157478126
157478251
157478375
157478500
157478750
157478883
157479126
157479250
157479500
157479631
157479875
157480006
157480250
157480375
157483125
157483250
157483375
157483500
157483625
157483750
157483875
157484125
157484255
157484375
157484500
157484625
157484750
157484876
157485000
157485125
157485250
157485376
157485625
157485758
157486001
157486133
157486250
157486376
157486500
157486625
157486750
157486875
157487000
157487125
157487250
157487382
157487500
157487625
157487750
157487880
157488000
157488135
157488375
157488506
157488625
157488751
157488875
157489000
157489132
157489250
157489375
157489500
157489625
157489875
157490006
157490125
157490250
157490383
157490625
157490750
157490883
157491000
157491125
157491250
157491383
157491625
157491750
157491881
157492000
157492250
157492382
157492625
157492757
157493000
157493127
157493250
157493375
157493500
157493634
157493875
157494007
157494250
157494383
157494500
157494625
157494875
157495005
157495125
157495375
157495500
157495750
157495881
157496000
157496126
157496250
157496375
157496500
157496625
157496750
157496883
157497125
157497256
157497375
157497500
157497625
157497750
157497876
157498005
157498125
157498250
157498375
157498500
157498625
157498751
157498875
157499000
157499125
157499250
157499375
157499501
157499625
157499751
157499876
157500001
157500132
157500250
157500376
157500501
157500750
157500882
157501125
157501255
157501376
157501625
157501756
157501875
157502000
157502125
157502251
157502375
157502501
157502625
157502750
157502875
157503001
157503125
157503250
157503384
157503625
157503750
157503883
157504000
157504125
157504251
157504383
157504500
157504625
157504751
157504875
157505000
157505133
157505250
157505375
157505625
157505757
157505875
157506000
157506125
157506250
157506376
157506500
157506625
157506751
157506882
157507125
157507256
157507375
157507501
157507633
157507875
157508004
157508126
157508250
157508375
157508501
157508626
157508875
157509003
157509250
157509382
157509500
157509625
157509751
157509875
157510000
157510126
157510250
157510375
157512000
157512250
157512375
157512500
157512626
157512875
157513000
157513125
157513250
157513384
157513625
157513756
157513875
157514000
157514250
157514383
157514625
157514750
157514883
157515125
157515252
157515375
157515509
157515750
157515875
157516125
157516250
157516375
157516500
157516625
157516750
157516876
157517000
157517126
157517251
157517382
157517500
157517625
157517750
157517876
157518001
157518125
157518250
157518376
157518500
157518625
157518750
157518875
157519000
157519126
157519259
157519500
157519632
157519750
157519875
157520000
157520125
157520250
157520375
157520500
157520626
157520751
157520882
157521125
157521257
157521500
157521631
157521750
157521882
157522000
157522125
157522250
157522383
157522625
157522756
157522875
157523125
157523250
157523375
157523500
157523625
157523750
157523876
157524125
157524250
157524383
157524500
157524625
157524750
157524875
157525125
157525251
157525375
157525625
157525756
157525875
157526001
157526130
157526250
157526375
157526500
157526625
157526750
157526876
157527000
157527125
157527250
157527375
157527500
157527626
157527750
157527883
157528125
157528257
157528500
157528625
157528875
157529001
157529131
157529250
157529375
157529500
157529625
157529750
157529875
157530000
157530134
157530375
157530500
157530629
157530750
157530883
157531000
157531125
157531375
157531500
157531625
157531875
157532007
157532250
157532381
157532500
157532625
157532750
157532875
157533001
157533125
157533250
157533375
157533501
157533629
157533750
157533875
157534008
157534250
157534379
157534500
157534750
157534882
157535000
157535125
157535250
157535375
157535501
157535633
157535876
157536001
157536250
157536381
157536500
157536625
157536750
157536875
157537125
157537256
157537375
157537500
157537625
157537750
157537875
157538125
157538251
157538383
157538625
157538757
157538875
157539000
157539132
157539250
157539376
157539500
157539625
157539750
157539875
157540000
157540126
157540250
157540383
157540625
157540751
157540875
157541000
157541133
157541250
157541375
157541501
157541633
157541750
157541875
157542001
157542250
157542383
157542625
157542754
157542876
157543125
157543255
157543375
157543501
157543631
157543750
157543875
157544000
157544125
157544250
157544375
157544500
157544625
157544750
157544875
157545000
157545125
157545250
157545375
157545500
157545750
157545881
157546000
157546130
157546250
157546383
157546625
157546750
157546875
157547000
157547125
157547250
157547376
157547500
157547625
157547750
157547876
157548001
157548125
157548250
157548376
157548501
157548633
157548875
157549006
157549125
157549250
157549375
157549500
157549625
157549750
157549875
157550000
157550125
157550250
157550375
157550501
157550626
157550751
157550883
157551125
157551252
157551375
157551500
157551625
157551750
157551875
157552001
157552125
157552250
157552383
157552625
157552756
157552875
157553001
157553133
157553375
157553505
157553625
157553750
157553876
157554001
157554125
157554251
157554375
157554500
157554634
157554875
157555007
157555125
157555250
157555375
157555500
157555625
157555750
157555875
157556000
157556125
157556375
157556506
157556626
157556750
157557000
157557125
157557252
157557376
157557501
157557625
157557875
157558005
157558250
157558381
157558500
157558625
157558750
157558882
157559000
157559133
157559375
157559500
157559633
157559875
157560000
157560133
157560250
157560375
157560500
157560633
157560750
157560875
157561125
157561250
157561375
157561500
157561633
157561750
157561875
157562000
157562133
157562250
157562375
157562500
157562625
157562875
157563005
157563250
157563383
157563625
157563750
157563875
157564000
157564125
157564250
157564382
157564625
157564756
157564875
157565000
157565134
157565375
157565507
157565625
157565751
157565875
157566000
157566125
157566251
157566375
157566500
157566625
157566751
157566875
157567000
157567125
157567250
157567375
157567500
157567625
157567750
157567875
157568000
157568250
157568381
157568500
157568625
157568750
157568875
157569000
157569126
157569257
157569500
157569628
157569750
157570000
157570133
157570375
157570505
157570625
157570751
157570875
157571000
157571133
157571375
157571504
157571625
157571750
157571875
157572000
157572125
157572375
157572500
157572629
157572750
157572875
157573125
157573255
157573375
157573501
157573750
157573875
157574000
157574126
157574250
157574375
157574500
157574625
157574751
157574875
157575126
157575255
157575500
157575635
157575875
157576000
157576133
157576375
157576500
157576633
157576750
157576876
157577010
157577250
157577382
157577500
157577625
157577750
157577875
157578000
157578125
157578250
157578380
157578500
157578633
157578875
157579000
157579250
157579375
157579500
157579625
157579755
157579875
157580125
157580250
157580375
157580500
157580625
157580750
157580875
157581000
157581125
157581250
157581380
157581501
157581625
157581750
157582000
157582132
157582250
157582375
157582500
157582625
157582750
157582876
157583001
157583125
157583375
157583508
157583750
157583884
157584125
157584250
157584375
157584500
157584626
157584875
157585000
157585125
157585376
157585505
157585625
157585750
157585883
157586125
157586256
157586500
157586633
157586875
157587001
157587126
157587250
157587382
157587625
157587755
157587875
157588001
157588125
157588250
157588375
157588501
157588625
157588750
157588875
157589000
157589134
157589375
157589509
157589750
157589881
157590000
157590125
157590250
157590375
157590500
157590750
157590881
157591000
157591125
157591250
157591384
157591625
157591754
157591875
157592125
157592257
157592375
157592501
157592625
157592751
157592884
157593125
157593253
157593375
157593625
157593750
157593875
157594000
157594125
157594250
157594375
157594500
157594626
157594751
157594884
157595125
157595254
157595375
157595501
157595634
157595875
157596006
157596125
157596251
157596383
157596625
157596758
157597000
157597125
157597250
157597383
157597625
157597756
157597875
157598000
157598126
157598251
157598375
157598500
157598625
157598750
157598875
157599000
157599250
157599382
157599500
157599625
157599750
157599875
157600000
157600125
157600250
157600375
157600500
157600626
157600750
157600875
157601000
157601125
157601251
157601383
157601625
157601757
157602000
157602131
157602250
157602375
157602500
157602625
157602750
157602884
157603125
157603258
157603500
157603629
157603750
157603878
157604000
157604250
157604375
157604625
157604750
157605000
157605128
157605250
157605375
157605625
157607625
157607750
157607875
157608000
157608125
157608250
157608375
157608500
157608625
157608750
157608875
157609008
157609250
157609381
157609500
157609625
157609750
157609876
157610001
157610132
157610250
157610375
157610500
157610634
157610875
157611001
157611132
157611375
157611505
157611625
157611750
157611875
157612000
157612125
157612250
157612375
157612500
157612633
157612875
157613000
157613133
157613375
157613501
157613634
157613875
157614005
157614250
157614376
157614500
157614626
157614750
157614884
157615125
157615253
157615375
157615625
157615754
157615875
157616125
157616250
157616375
157616500
157616625
157616750
157616876
157617001
157617125
157617251
157617383
157617625
157617750
157617875
157618000
157618125
157618250
157618383
157618625
157618752
157618883
157619125
157619258
157619501
157619632
157619750
157619875
157620000
157620125
157620250
157620375
157620500
157620625
157620750
157620876
157621000
157621125
157621250
157621375
157621500
157621632
157621750
157621875
157622000
157622125
157622250
157622375
157622500
157622625
157622750
157622884
157623126
157623256
157623375
157623500
157623626
157623750
157623875
157624000
157624126
157624250
157624375
157624500
157624625
157624750
157624875
157625000
157625130
157625250
157625375
157625500
157625625
157625750
157625875
157626000
157626125
157626250
157626375
157626500
157626625
157626750
157626875
157627000
157627125
157627250
157627375
157627500
157627625
157627750
157627876
157628000
157628125
157628250
157628375
157628500
157628626
157628751
157628880
157629001
157629125
157629250
157629375
157629500
157629625
157629750
157629875
157630000
157630130
157630250
157630376
157630501
157630633
157630875
157631005
157631125
157631250
157631375
157631500
157631625
157631750
157631881
157632000
157632125
157632251
157632384
157632625
157632751
157632883
157633000
157633125
157633250
157633375
157633500
157633625
157633750
157633875
157634000
157634125
157634250
157634381
157634500
157634631
157634750
157634883
157635000
157635125
157635250
157635375
157635500
157635625
157635750
157636875
157637001
157637125
157637250
157637375
157637501
157637625
157637750
157637875
157638000
157638131
157638250
157638381
157638500
157638625
157638875
157639004
157639125
157639375
157639505
157639625
157639875
157640007
157640125
157640250
157640375
157640500
157640626
157640759
157641000
157641125
157641250
157641375
157641500
157641625
157641750
157641876
157642000
157642125
157642250
157642376
157642625
157642751
157642875
157643125
157643255
157643375
157643500
157643625
157643750
157643875
157644000
157644125
157644250
157644375
157644500
157644625
157644750
157644875
157645001
157645125
157645375
157645501
157645625
157645876
157646007
157646126
157646250
157646380
157646500
157646633
157646875
157647006
157647250
157647375
157647500
157647635
157647750
157647875
157648000
157648133
157648250
157648375
157648501
157648631
157648750
157648875
157649001
157649125
157649375
157649504
157649625
157649750
157649875
157650001
157650125
157650250
157650375
157650500
157650634
157650875
157651006
157651125
157651250
157651375
157651500
157651625
157651751
157651875
157652000
157652133
157652375
157652500
157652633
157652750
157652875
157653001
157653133
157653250
157653375
157653505
157653625
157653750
157653875
157654000
157654125
157654250
157654375
157654500
157654625
157654750
157654875
157655000
157655125
157655375
157655505
157655625
157655751
157655883
157656125
157656256
157656375
157656500
157656633
157656750
157656875
157657001
157657133
157657375
157657501
157657629
157657750
157658000
157658134
157658250
157658375
157658501
157658633
157658875
157659000
157659125
157659250
157659375
157659501
157659633
157659875
157660005
157660125
157660376
157660505
157660625
157660751
157660875
157661000
157661126
157661250
157661375
157661625
157661750
157661875
157662000
157662134
157662375
157662502
157662625
157662875
157663008
157663251
157663383
157663625
157663754
157663875
157664000
157664129
157664250
157664500
157664631
157664750
157664875
157665001
157665125
157665250
157665375
157665501
157665625
157665750
157665875
157666009
157666250
157666381
157666500
157666633
157666875
157667006
157667125
157667251
157667383
157667626
157667757
157667875
157668001
157668133
157668375
157668508
157668625
157668750
157668875
157669000
157669125
157669250
157669500
157669631
157669750
157669875
157670125
157670250
157670500
157670626
157670755
157671000
157671125
157672875
157673000
157673125
157673250
157673375
157673625
157673751
157673883
157674125
157674250
157674375
157674625
157674752
157674875
157675000
157675133
157675375
157675505
157675625
157675750
157675875
157676125
157676250
157676375
157676500
157676625
157676875
157677006
157677126
157677250
157677384
157677625
157677756
157677875
157678000
157678125
157678250
157678382
157678625
157678755
157678875
157679000
157679125
157679255
157679375
157679500
157679626
157679750
157679875
157680000
157680126
157680251
157680375
157680500
157680626
157680757
157681000
157681133
157681375
157681505
157681625
157681875
157682007
157682125
157682251
157682383
157682625
157682756
157682876
157683000
157683125
157683250
157683375
157683500
157683625
157683751
157683875
157684001
157684125
157684251
157684375
157684625
157684752
157684875
157685125
157685252
157685376
157685500
157685633
157685750
157685875
157686000
157686125
157686250
157686382
157686500
157686625
157686751
157686875
157687001
157687125
157687250
157687384
157687625
157687756
157687875
157688001
157688134
157688375
157688505
157688625
157688875
157689007
157689250
157689383
157689625
157689750
157689875
157690000
157690125
157690375
157690506
157690625
157690750
157690881
157691000
157691125
157691258
157691500
157691633
157691875
157692007
157692125
157692251
157692375
157692500
157692625
157692875
157693000
157693125
157693250
157693500
157693632
157693875
157694005
157694125
157694375
157694500
157694631
157694750
157694875
157695001
157695133
157695375
157695500
157695633
157695750
157695875
157696000
157696125
157696250
157696375
157696500
157696626
157696750
157697000
157697127
157697250
157697500
157697625
157697875
157698006
157698125
157698250
157698375
157698500
157698625
157698750
157698875
157699000
157699125
157699375
157699500
157699625
157699750
157699875
157700125
157700258
157700501
157700634
157700875
157701005
157701126
157701250
157701501
157701632
157701750
157701875
157702000
157702125
157702250
157702375
157702500
157702625
157702750
157702883
157703001
157703125
157703250
157703376
157703500
157703625
157703750
157703875
157704000
157704125
157704250
157704376
157704500
157704625
157704750
157704875
157705001
157705125
157705250
157705375
157705500
157705625
157705750
157705875
157706000
157706250
157706375
157707625
157707759
157708000
157708133
157708375
157708505
157708625
157708751
157708875
157709000
157709125
157709250
157709375
157709500
157709634
157709875
157710006
157710125
157710251
157710375
157710500
157710633
157710875
157711005
157711125
157711375
157711501
157711633
157711750
157711875
157712000
157712125
157712250
157712382
157712500
157712625
157712750
157712875
157713000
157713125
157713250
157713375
157713500
157713625
157713750
157713882
157714125
157714254
157714375
157714500
157714625
157714750
157714875
157715000
157715126
157715250
157715375
157715625
157715750
157715875
157716000
157716125
157716250
157716382
157716625
157716751
157716883
157717000
157717126
157717250
157717500
157717625
157717875
157718005
157718250
157718375
157718500
157718626
157718751
157718875
157719000
157719133
157719250
157719375
157719501
157719633
157719750
157719876
157720000
157720250
157720381
157720500
157720625
157720875
157721008
157721250
157721375
157721625
157721758
157722000
157722125
157722250
157722375
157722500
157722632
157722750
157722882
157723001
157723133
157723375
157723504
157723625
157723751
157723883
157724125
157724257
157724500
157724633
157724875
157725005
157725125
157725250
157725375
157725500
157725625
157725750
157725875
157726000
157726125
157726250
157726383
157726625
157726754
157726875
157727000
157727125
157727251
157727375
157727500
157727625
157727875
157728003
157728125
157728250
157728375
157728625
157728750
157728875
157729000
157729125
157729375
157729506
157729625
157729750
157729875
157730001
157730250
157730382
157730625
157730755
157730876
157731000
157731125
157731375
157731501
157731750
157731883
157732000
157732125
157732250
157732375
157732625
157732750
157732875
157733000
157733125
157733250
157733500
157733625
157733750
157733876
157734001
157734125
157734250
157734375
157734500
157734625
157734875
157735000
157735126
157735251
157735381
157735501
157735625
157735875
157736006
157736126
157736251
157736375
157740750
157740875
157741000
157741250
157741375
157741625
157741751
157741875
157742000
157742125
157742250
157742375
157742500
157742634
157742875
157743001
157743133
157743375
157743500
157743631
157743750
157743876
157744000
157744125
157744250
157744375
157744500
157744630
157744750
157744875
157745000
157745125
157745250
157745375
157745500
157745626
157745751
157745875
157746000
157746134
157746375
157746504
157746626
157746750
157746883
157747125
157747257
157747376
157747500
157747625
157747750
157747875
157748125
157748256
157748375
157748500
157748625
157748750
157748875
157749000
157749125
157749250
157749375
157749500
157749625
157749750
157749875
157750001
157750125
157750375
157750500
157750633
157750750
157750875
157751000
157751126
157751251
157751375
157751500
157751626
157751750
157751875
157752000
157752126
157752251
157752382
157752500
157752633
157752875
157753008
157753250
157753381
157753500
157753634
157753875
157754000
157754125
157754250
157754375
157754500
157754625
157754750
157754875
157755000
157755125
157755250
157755375
157755500
157755625
157755750
157755884
157756125
157756256
157756375
157756500
157756625
157756875
157757004
157757125
157757251
157757377
157757500
157757633
157757750
157757875
157758125
157758256
157758375
157758501
157758633
157758875
157759006
157759125
157759251
157759375
157759500
157759626
157759751
157759875
157760000
157760126
157760255
157760376
157760500
157760633
157760750
157760875
157761000
157761125
157761250
157761382
157761500
157761632
157761875
157762006
157762125
157762251
157762375
157762625
157762755
157762875
157763125
157763250
157763376
157763501
157763633
157763751
157763875
157764125
157764250
157764375
157764500
157764625
157764750
157764882
157765000
157765126
157765251
157765375
157765500
157765625
157765750
157765875
157766125
157766259
157766500
157771250
157771375
157771500
157771633
157771875
157772005
157772125
157772251
157772375
157772501
157772625
157772750
157772875
157773000
157773250
157773381
157773500
157773625
157773875
157774008
157774250
157774382
157774500
157774625
157774750
157774875
157775000
157775125
157775251
157775375
157775500
157775625
157775758
157776000
157776129
157776250
157776500
157776625
157776750
157776875
157777000
157777135
157777375
157777505
157777625
157777875
157778007
157778125
157778251
157778375
157778500
157778626
157778751
157778875
157779000
157779126
157779257
157779500
157779633
157779875
157780008
157780250
157780375
157780500
157780631
157780750
157780883
157781125
157781257
157781375
157781501
157781625
157781750
157781884
157782125
157782256
157782375
157782500
157782625
157782750
157782875
157783001
157783125
157783250
157783375
157783500
157783633
157783875
157784007
157784125
157784251
157784375
157784500
157784633
157784875
157785000
157785125
157785250
157785383
157785625
157785754
157785876
157786125
157786250
157786376
157786625
157786750
157786876
157787000
157787126
157787375
157787500
157787631
157787750
157787876
157788125
157788250
157788375
157788500
157788625
157788875
157789007
157789250
157789381
157789500
157789629
157789750
157789875
157790000
157790125
157790250
157790384
157790625
157790751
157790875
157791125
157791256
157791375
157791501
157791633
157791750
157791882
157792000
157792132
157792250
157792382
157792500
157792625
157792750
157792883
157793125
157793251
157793379
157793500
157793750
157793884
157794126
157794255
157794500
157794632
157794875
157795000
157795125
157795250
157795384
157795625
157795754
157795875
157796000
157796125
157796250
157796375
157796500
157799126
157799250
157799500
157799633
157799875
157800007
157800125
157800251
157800375
157800500
157800625
157800750
157800875
157801000
157801126
157801250
157801375
157801500
157801750
157801877
157802000
157802125
157802250
157802376
157802507
157802625
157802750
157802875
157803000
157803125
157803250
157803376
157803507
157803750
157803883
157804125
157804256
157804375
157804501
157804625
157804750
157804880
157805000
157805125
157805250
157805376
157805509
157805750
157805882
157806000
157806125
157806250
157806383
157806625
157806757
157807000
157807131
157807251
157807381
157807500
157807635
157807875
157808001
157808134
157808375
157808500
157808625
157808750
157808875
157809000
157809125
157809250
157809375
157809500
157809625
157809750
157809883
157810125
157810258
157810500
157810632
157810875
157811000
157811131
157811250
157811375
157811625
157811758
157812001
157812132
157812251
157812375
157812625
157812751
157812882
157813000
157813133
157813375
157813505
157813625
157813875
157814004
157814125
157814250
157814500
157814629
157814750
157814875
157815001
157815125
157815250
157815375
157815625
157815756
157815875
157816000
157816125
157816250
157816375
157816500
157816625
157816750
157816875
157817000
157817125
157817251
157817375
157817625
157817751
157817883
157818125
157818255
157818375
157818625
157818754
157818875
157819126
157819250
157819375
157819500
157819628
157819750
157819875
157820001
157820125
157820250
157820375
157820501
157820632
157820875
157821000
157821131
157821250
157821383
157821625
157821757
157821875
157822000
157822126
157822250
157822381
157822500
157822625
157822750
157822875
157823000
157823125
157823250
157823375
157823501
157823625
157823875
157824000
157824133
157824250
157824375
157824500
157824633
157824875
157825007
157825250
157825379
157825500
157825625
157825750
157825875
157826000
157826125
157826250
157826375
157826500
157826634
157826875
157827005
157827250
157827382
157827501
157827634
157827875
157828000
157828250
157828375
157828501
157828750
157828875
157829000
157829125
157829250
157829376
157829500
157829625
157829751
157829883
157830125
157830256
157830375
157830501
157830625
157830751
157830875
157831125
157831256
157831375
157831501
157831625
157832500
157832625
157832750
157832875
157833000
157833125
157833250
157833375
157833500
157833625
157833751
157834000
157834125
157834250
157834375
157834500
157834634
157834875
157835006
157835125
157835250
157835375
157835500
157835626
157835757
157836000
157836129
157836250
157836375
157836500
157836625
157836875
157837006
157837125
157837257
157837500
157837632
157837876
157838000
157838125
157838375
157838505
157838625
157838750
157838875
157839000
157839126
157839250
157839376
157839500
157839625
157839750
157839875
157840000
157840125
157840250
157840383
157840625
157840750
157840885
157841125
157841258
157841500
157841631
157841750
157841875
157842125
157842250
157842381
157842500
157842625
157842750
157842875
157843000
157843125
157843251
157843375
157843500
157843625
157843751
157843883
157844125
157844257
157844500
157844630
157844750
157845000
157845133
157845375
157845504
157845625
157845750
157845875
157846000
157846125
157846250
157846375
157846500
157846633
157846875
157847000
157847133
157847250
157847376
157847625
157847755
157847876
157848125
157848255
157848375
157848500
157848632
157848750
157848875
157849000
157849133
157849375
157849500
157849625
157849750
157849884
157850125
157850256
157850376
157850509
157850750
157850875
157851000
157851125
157851375
157851500
157851633
157851750
157851876
157852125
157852250
157852375
157852500
157852625
157852875
157853000
157853125
157853250
157853375
157853500
157853625
157853750
157853875
157854000
157854125
157854251
157854375
157854501
157854631
157854875
157855005
157855125
157855250
157855380
157855500
157855630
157855750
157855875
157856125
157856256
157856375
157856500
157856626
157856751
157856883
157857125
157857257
157857375
157857501
157857632
157857751
157857875
157858000
157858126
157858250
157858375
157858500
157858626
157858750
157858875
157859001
157859125
157859250
157859375
157859500
157859625
157859751
157859875
157860000
157860125
157860250
157860382
157860500
157860625
157860750
157860883
157861125
157861256
157861375
157861501
157861625
157861750
157861875
157862001
157862125
157862375
157862500
157862625
157862750
157862875
157863009
157863250
157863375
157863500
157863628
157863750
157864000
157864127
157864250
157864375
157864500
157864625
157864750
157864875
157865125
157865250
157865500
157865632
157865750
157865876
157866000
157866130
157866250
157866501
157866625
157868500
157868625
157868750
157868875
157869000
157869125
157869250
157869375
157869501
157869625
157869750
157869875
157870001
157870125
157870250
157870375
157870500
157870625
157870750
157870875
157871000
157871133
157871375
157871508
157871750
157871875
157872000
157872135
157872375
157872501
157872633
157872750
157872875
157873000
157873125
157873250
157873375
157873500
157873626
157873750
157873875
157874125
157874256
157874375
157874500
157874633
157874750
157874875
157875001
157875129
157875250
157875375
157875625
157875756
157875875
157876001
157876125
157876250
157876384
157876625
157876875
157877000
157877133
157877250
157877375
157877501
157877633
157877750
157877875
157878125
157878250
157878375
157878500
157878750
157878880
157879000
157879250
157879383
157879502
157879625
157879750
157879876
157880001
157880132
157880250
157880375
157880500
157880625
157880750
157880875
157881000
157881125
157881250
157881375
157881500
157881625
157881750
157881875
157882000
157882125
157882375
157882505
157882750
157882881
157883000
157883125
157883250
157883500
157883625
157883751
157883875
157884000
157884125
157884250
157884384
157884625
157884750
157884875
157885000
157885125
157885250
157885375
157885501
157885625
157885750
157885875
157886000
157886126
157886250
157886375
157886500
157886626
157886750
157887000
157887133
157887375
157887500
157887625
157887750
157887875
157888125
157888251
157888375
157888500
157888625
157888751
157889000
157889125
157889250
157889384
157889625
157889751
157889883
157890000
157890125
157890375
157890505
157890625
157890875
157891005
157891126
157891375
157891500
157891625
157891750
157891876
157892000
157892125
157892375
157892507
157892625
157892750
157892875
157893000
157893132
157893250
157893385
157893625
157893750
157893883
157894000
157894250
157894381
157894500
157894629
157894750
157894875
157895000
157895133
157895376
157895500
157895625
157895750
157895875
157896000
157896125
157896250
157896375
157896500
157896625
157896751
157899750
157899875
157900000
157900125
157900250
157900375
157900500
157900625
157900750
157901000
157901125
157901250
157901383
157901625
157901756
157901875
157902000
157902134
157902375
157902505
157902750
157902876
157903000
157903250
157903375
157903500
157903632
157903750
157903875
157904375
157904500
157904625
157904875
157905000
157905250
157905379
157905500
157905625
157905750
157905876
157906001
157906125
157906375
157906500
157906625
157906750
157906883
157907125
157907255
157907375
157907625
157907757
157908000
157908132
157908250
157908376
157908501
157908625
157908750
157908875
157909000
157909250
157909381
157909500
157909625
157909751
157909875
157910000
157910130
157910250
157910375
157910500
157910625
157910751
157910883
157911000
157911125
157911251
157911376
157911625
157911755
157911875
157912001
157912125
157912250
157912375
157912501
157912634
157912875
157913004
157913125
157913250
157913376
157913501
157913625
157913750
157913875
157914008
157914250
157914379
157914500
157914750
157914881
157915000
157915125
157915251
157915375
157915500
157915625
157915751
157915875
157916125
157916256
157916375
157916500
157916626
157916750
157916875
157917000
157917126
157917250
157917375
157917500
157917633
157917875
157918000
157918133
157918250
157918375
157918500
157918635
157918875
157919000
157919133
157919375
157919505
157919625
157919751
157919875
157920000
157920125
157920250
157920375
157920500
157920634
157920875
157921000
157921125
157921375
157921508
157921750
157921882
157922001
157922125
157922375
157922508
157922750
157922882
157923000
157923125
157923250
157923375
157923500
157923633
157923875
157924000
157924125
157924375
157924500
157924631
157924751
157924875
157925125
157925250
157925382
157925500
157925625
157925750
157925884
157926125
157926252
157926383
157926625
157926750
157926875
157927000
157927125
157927251
157927375
157927500
157927625
157927750
157927883
157928125
157928251
157928383
157928500
157928625
157928750
157928875
157929000
157929132
157929375
157929505
157929750
157929882
157930125
157930250
157930375
157930500
157930625
157930750
157930875
157931000
157931125
157931250
157931376
157931625
157931756
157931875
157932000
157932125
157932250
157932376
157932500
157932750
157932877
157933125
157933250
157933383
157933625
157933751
157933875
157934000
157935500
157935633
157935875
157936008
157936250
157936382
157936625
157936750
157936875
157937000
157937125
157937375
157937500
157937625
157937876
157938008
157938250
157938381
157938500
157938625
157938750
157938883
157939125
157939256
157939375
157939501
157939625
157939875
157940000
157940125
157940375
157940500
157940625
157940875
157941000
157941125
157941250
157941375
157941500
157941626
157941750
157942000
157942133
157942375
157942506
157942625
157942751
157942875
157943000
157943125
157943250
157943375
157943501
157943632
157943875
157944007
157944125
157944375
157944508
157944750
157944882
157945125
157945256
157945375
157945501
157945625
157945750
157945876
157946001
157946132
157946250
157946375
157946509
157946750
157946882
157947000
157947132
157947250
157947375
157947500
157947625
157947750
157947875
157948001
157948125
157948250
157948379
157948500
157948750
157948883
157949000
157949125
157949250
157949375
157949501
157949625
157949751
157949875
157950125
157950256
157950375
157950501
157950625
157950755
157950875
157951000
157951133
157951250
157951381
157951500
157951633
157951750
157951875
157952001
157952125
157952250
157952375
157952500
157952632
157952750
157952875
157953000
157953125
157953375
157953506
157953626
157953750
157953875
157954000
157954125
157954375
157954504
157954625
157954875
157955008
157955250
157955381
157955501
157955625
157955875
157956000
157956125
157956250
157956375
157956501
157956633
157956876
157957007
157957126
157957251
157957383
157957625
157957757
157958000
157958125
157958250
157958375
157958625
157958752
157958883
157959125
157959255
157959375
157959500
157959625
157959750
157959876
157960001
157960130
157960250
157960375
157960625
157960754
157960875
157961000
157961125
157961250
157961375
157961500
157961625
157961750
157961875
157962000
157962125
157962250
157962375
157962500
157962625
157962751
157962876
157963000
157963125
157963250
157963375
157963500
157963625
157963750
157964000
157967625
157967750
157967875
157968000
157968132
157968255
157968375
157968500
157968629
157968750
157968875
157969000
157969125
157969250
157969375
157969626
157969755
157969883
157970125
157970255
157970375
157970500
157970625
157970750
157970875
157971000
157971132
157971250
157971376
157971509
157971750
157971882
157972000
157972125
157972250
157972376
157972505
157972625
157972750
157972883
157973000
157973125
157973375
157973502
157973625
157973875
157974001
157974125
157974250
157974383
157974500
157974625
157974875
157975001
157975125
157975250
157975375
157975500
157975625
157975750
157975882
157976125
157976256
157976500
157976631
157976750
157976875
157977000
157977125
157977250
157977375
157977500
157977625
157977750
157977875
157978000
157978126
157978251
157978375
157978500
157978625
157978751
157978883
157979125
157979250
157979383
157979625
157979750
157979875
157980000
157980125
157980251
157980375
157980626
157980750
157980875
157981000
157981125
157981375
157981504
157981625
157981751
157981875
157982001
157982250
157982383
157982625
157982756
157982875
157983001
157983125
157983250
157983375
157983500
157983625
157983750
157983875
157984000
157984126
157984375
157984505
157984750
157984880
157985000
157985125
157985251
157985375
157985500
157985625
157985750
157985876
157986000
157986125
157986375
157986506
157986625
157986751
157986875
157987000
157987125
157987250
157987383
157987626
157987755
157987875
157988125
157988253
157988375
157988500
157988626
157988750
157988875
157989001
157989125
157989250
157989376
157989501
157989625
157989750
157989875
157990000
157990125
157990251
157990383
157990500
157990625
157990750
157990883
157991125
157991256
157991375
157991500
157991632
157991750
157991875
157992000
157992126
157992251
157992382
157992500
157992626
157992759
157993000
157993128
157993250
157993375
157993500
157993626
157993751
157993875
157994000
157994125
157994501
157994625
157994875
157995005
157995126
157995375
157995505
157995625
157995750
157995875
157996001
157996131
157996251
157996383
157996625
157996755
157997000
157997129
157997250
157997375
157997501
157997633
157997875
157998007
157998126
157998250
157998375
157998625
157998755
157999000
157999125
158000000
158000250
158000376
158000500
158000625
158000750
158000875
158001000
158001125
158001251
158001383
158001625
158001757
158001875
158002001
158002132
158002375
158002505
158002625
158002750
158002875
158003125
158003250
158003381
158003500
158003625
158003750
158003875
158004000
158004132
158004375
158004505
158004625
158004875
158005003
158005125
158005375
158005505
158005626
158005875
158006005
158006125
158006375
158006505
158006625
158006750
158006875
158007000
158007133
158007375
158007501
158007633
158007750
158007875
158008001
158008133
158008375
158008500
158008625
158008750
158008876
158009000
158009126
158009250
158009375
158009500
158009625
158009750
158009875
158010000
158010125
158010250
158010375
158010500
158010625
158010751
158010883
158011000
158011125
158011250
158011383
158011625
158011752
158011875
158012125
158012251
158012383
158012625
158012750
158012875
158013000
158013250
158013382
158013500
158013626
158013758
158014000
158014134
158014375
158014505
158014629
158014875
158015010
158015250
158015382
158015625
158015757
158015875
158016000
158016250
158016375
158016500
158016625
158016750
158016875
158017000
158017132
158017250
158017375
158017500
158017632
158017751
158017883
158018125
158018257
158018375
158018500
158018625
158018875
158019004
158019125
158019251
158019375
158019500
158019625
158019750
158019875
158020000
158020125
158020259
158020500
158020632
158020751
158020881
158021000
158021132
158021375
158021502
158021625
158021750
158021875
158022125
158022255
158022376
158022626
158022757
158022875
158023001
158023133
158023375
158023500
158023625
158023750
158023876
158024000
158024135
158024375
158024508
158024750
158024884
158025125
158025257
158025375
158025501
158025633
158025875
158026000
158026133
158026250
158026375
158026500
158026625
158026750
158026875
158027125
158027251
158027500
158027633
158027875
158028005
158028125
158028375
158028500
158028626
158028750
158028875
158029000
158029125
158030000
158030125
158030250
158030375
158030500
158030625
158030750
158030883
158031125
158031252
158031376
158031505
158031625
158031750
158031875
158032000
158032125
158032250
158032383
158032625
158032756
158032875
158033001
158033125
158033251
158033383
158033500
158033625
158033751
158033883
158034000
158034125
158034251
158034379
158034500
158034750
158034881
158035000
158035125
158035375
158035504
158035625
158035751
158035883
158036125
158036250
158036383
158036500
158036625
158036751
158036883
158037000
158037125
158037250
158037375
158037500
158037750
158037879
158038000
158038126
158038251
158038375
158038625
158038756
158038875
158039000
158039125
158039250
158039383
158039625
158039750
158039883
158040000
158040125
158040375
158040500
158040625
158040750
158040882
158041001
158041133
158041375
158041506
158041625
158041751
158041875
158042125
158042250
158042383
158042625
158042758
158043000
158043133
158043250
158043375
158043501
158043625
158043750
158043875
158044000
158044126
158044250
158044375
158044500
158044750
158044879
158045001
158045250
158045380
158045500
158045625
158045750
158045875
158046000
158046125
158046251
158046375
158046501
158046625
158046750
158046875
158047000
158047126
158047250
158047375
158047500
158047750
158047875
158048125
158048250
158048383
158048500
158048625
158048875
158049006
158049125
158049251
158049375
158049625
158049758
158050000
158050129
158050250
158050500
158050625
158050751
158050875
158051000
158051132
158051250
158051375
158051500
158051633
158051875
158052002
158052133
158052375
158052500
158052633
158052751
158052875
158053126
158053250
158053377
158053625
158053751
158053883
158054000
158054130
158054250
158054375
158054501
158054634
158054875
158055007
158055125
158055251
158055383
158055625
158055756
158055875
158056000
158056126
158056250
158056375
158056500
158056750
158056882
158057000
158057125
158057250
158057375
158057500
158057626
158057750
158057875
158058001
158058132
158058250
158058500
158058632
158058750
158058875
158059000
158059126
158059250
158059500
158059631
158059750
158059875
158060000
158060125
158060250
158060375
158060625
158060757
158060875
158061000
158061125
158061250
158061382
158061625
158061750
158061875
158062125
158062250
158062500
158062631
158062750
158062875
158063000
158063126
158063251
158063500
158063633
158063875
158064007
158064125
158067500
158067625
158067750
158067875
158068000
158068126
158068251
158068382
158068500
158068625
158068750
158068876
158069001
158069132
158069375
158069505
158069625
158069750
158069875
158070000
158070125
158070250
158070375
158070500
158070625
158070750
158070875
158071000
158071125
158071250
158071375
158071500
158071632
158071750
158071880
158072000
158072126
158072258
158072500
158072630
158072751
158072875
158073001
158073125
158073375
158073505
158073750
158073881
158074000
158074133
158074376
158074500
158074625
158074751
158074883
158075125
158075250
158075383
158075500
158075625
158075750
158075881
158076000
158076125
158076250
158076500
158076633
158076875
158077006
158077125
158077251
158077375
158077501
158077625
158077875
158078000
158078125
158078250
158078376
158078500
158078632
158078750
158078876
158079008
158079250
158079382
158079625
158079755
158079875
158080000
158080125
158080250
158080376
158080501
158080632
158080751
158080879
158081000
158081125
158081251
158081382
158081500
158081625
158081750
158081876
158082007
158082125
158082251
158082375
158082500
158082625
158082751
158082875
158083000
158083134
158083375
158083507
158083625
158083751
158083875
158084000
158084126
158084250
158084375
158084501
158084625
158084750
158084875
158085000
158085129
158085250
158085375
158085500
158085633
158085750
158085880
158086000
158086132
158086375
158086508
158086750
158086882
158087126
158087259
158087500
158087633
158087875
158088007
158088125
158088250
158088375
158088500
158088625
158088750
158088883
158089000
158089125
158089250
158089383
158089625
158089750
158089882
158090125
158090256
158090376
158090500
158090625
158090750
158090876
158091000
158091126
158091250
158091376
158091500
158091625
158091750
158091882
158092000
158092125
158092250
158092376
158092501
158092625
158092750
158093001
158093131
158093250
158093375
158093625
158093751
158093883
158094125
158094250
158094501
158094632
158094750
158094875
158095000
158095125
158095250
158095376
158095500
158095626
158095750
158095875
158096000
158096125
158096251
158096375
158096500
158096625
158096750
158096875
158097000
158097125
158097250
158097375
158097501
158097625
158097750
158097875
158098000
158098125
158098250
158098375
158098500
158098625
158098751
158098875
158099000
158099125
158099250
158100625
158100750
158100875
158101000
158101125
158101258
158101500
158101625
158101750
158101875
158102000
158102125
158102250
158102375
158102500
158102625
158102750
158102875
158103000
158103125
158103250
158103500
158103625
158103750
158103875
158104000
158104125
158104250
158104375
158104500
158104626
158104875
158105000
158105125
158105250
158105376
158105500
158105625
158105875
158106000
158106125
158106250
158106375
158106500
158106625
158106750
158106875
158107000
158107125
158107250
158107500
158107625
158107750
158107876
158108000
158108125
158108250
158108376
158108500
158108750
158108882
158109125
158109254
158109375
158109501
158109625
158109751
158109875
158110001
158110126
158110375
158110500
158110633
158110875
158111001
158111125
158111250
158111375
158111500
158111626
158111875
158112000
158112132
158112375
158112505
158112625
158112875
158113000
158113125
158113250
158113375
158113500
158113625
158113750
158113875
158114001
158114125
158114250
158114375
158114500
158114625
158114750
158114875
158115000
158115125
158115251
158115382
158115500
158115625
158115750
158115875
158116001
158116125
158116251
158116375
158116501
158116625
158116750
158116875
158117000
158117125
158117250
158117375
158117501
158117625
158117750
158117875
158118001
158118125
158118250
158118375
158118501
158118630
158118750
158118875
158119001
158119125
158119251
158119384
158119625
158119756
158119875
158120001
158120132
158120375
158120506
158120626
158120875
158121008
158121250
158121382
158121500
158121626
158121751
158121882
158122125
158122255
158122375
158122501
158122625
158122875
158123000
158123125
158123250
158123376
158123500
158123625
158123751
158123875
158124125
158124250
158124500
158124625
158124750
158124875
158125000
158125133
158125375
158125509
158125750
158125885
158126125
158126250
158126375
158126500
158126625
158126750
158126875
158127000
158127126
158127250
158127501
158127625
158127750
158127875
158128000
158128126
158128251
158128375
158128500
158128633
158128875
158129005
158129125
158129250
158129375
158133000
158133125
158133250
158133383
158133625
158133759
158134000
158134128
158134250
158134383
158134625
158134757
158134875
158135001
158135125
158135375
158135505
158135625
158135751
158135875
158136000
158136126
158136250
158136382
158136500
158136633
158136875
158137000
158137133
158137375
158137505
158137625
158137750
158137876
158138001
158138125
158138250
158138383
158138500
158138625
158138751
158138875
158139125
158139252
158139375
158139500
158139625
158139750
158139875
158140000
158140125
158140375
158140506
158140750
158140875
158141125
158141252
158141375
158141500
158141625
158141750
158141875
158142000
158142125
158142250
158142376
158142500
158142625
158142751
158142875
158143000
158143133
158143375
158143505
158143625
158143751
158143883
158144125
158144250
158144375
158144625
158144755
158144885
158145125
158145255
158145375
158145501
158145625
158145875
158146000
158146125
158146250
158146375
158146500
158146626
158146875
158147006
158147125
158147250
158147500
158147634
158147875
158148004
158148125
158148375
158148504
158148625
158148751
158148883
158149125
158149250
158149375
158149625
158149753
158149875
158150000
158150125
158150250
158150375
158150625
158150755
158150875
158151000
158151134
158151375
158151505
158151626
158151875
158152006
158152125
158152250
158152375
158152500
158152625
158152750
158152875
158153000
158153125
158153250
158153383
158153625
158153750
158153875
158154000
158154250
158154383
158154625
158154754
158154875
158155001
158155125
158155375
158155500
158155625
158155750
158155875
158156000
158156125
158156250
158156375
158156625
158156750
158156883
158157000
158157125
158157376
158157500
158157625
158157750
158157875
158158000
158158125
158158250
158158375
158158500
158158625
158158750
158158875
158159000
158159125
158159250
158159375
158160125
158160250
158160375
158160500
158160625
158160750
158160875
158161000
158161125
158161250
158161375
158161500
158161625
158161750
158161875
158162000
158162125
158162250
158162375
158162501
158162625
158162764
158163000
158163125
158163250
158163375
158163500
158163625
158163751
158163875
158164125
158164255
158164376
158164625
158164750
158165000
158165133
158165375
158165506
158165625
158165751
158165878
158166000
158166126
158166257
158166375
158166501
158166625
158166751
158166875
158167000
158167125
158167250
158167375
158167500
158167625
158167750
158167875
158168000
158168126
158168250
158168375
158168500
158168626
158168751
158168882
158169000
158169130
158169251
158169375
158169500
158169625
158169750
158169876
158170006
158170125
158170250
158170375
158170500
158170625
158170750
158170875
158171000
158171132
158171250
158171375
158171500
158171631
158171750
158171875
158172000
158172125
158172251
158172382
158172625
158172757
158173000
158173132
158173375
158173508
158173750
158173882
158174001
158174132
158174250
158174375
158174625
158174758
158175000
158175125
158175250
158175375
158175500
158175633
158175750
158175875
158176001
158176129
158176250
158176500
158176625
158176750
158176882
158177125
158177255
158177375
158177500
158177626
158177751
158177875
158178000
158178125
158178375
158178505
158178625
158178875
158179000
158179131
158179250
158179383
158179500
158179625
158179750
158179883
158180000
158180125
158180251
158180384
158180625
158180750
158180883
158181000
158181125
158181251
158181383
158181625
158181758
158182000
158182131
158182250
158182375
158182625
158182754
158182875
158183125
158183250
158183375
158183500
158183625
158183750
158183875
158184000
158184125
158184250
158184375
158184500
158184626
158184751
158184882
158185000
158185125
158185250
158185375
158185500
158185625
158185750
158185875
158186000
158186125
158186375
158186500
158186625
158186750
158186876
158187009
158187250
158187382
158187500
158187625
158187751
158187883
158188125
158188257
158188375
158188501
158188634
158188875
158189001
158189133
158189250
158189375
158189501
158189633
158189875
158190000
158190126
158190250
158190875
158191005
158191125
158191251
158191382
158191500
158191625
158191750
158191880
158192000
158192125
158192251
158192375
158192500
158192625
158192750
158192875
158193001
158193125
158193250
158193375
158193500
158193633
158193876
158194005
158194126
158194375
158194509
158194750
158194883
158195125
158195250
158197751
158197876
158198001
158198125
158198251
158198383
158198626
158198757
158198875
158199001
158199125
158199251
158199384
158199625
158199755
158200000
158200131
158200250
158200501
158200633
158200875
158201002
158201130
158201250
158201375
158201500
158201625
158201750
158201875
158202000
158202125
158202375
158202502
158202633
158202875
158203007
158203125
158203251
158203384
158203625
158203757
158203876
158204000
158204125
158204251
158204378
158204500
158204625
158204750
158204876
158205001
158205133
158205375
158205505
158205625
158205750
158205875
158206000
158206125
158206250
158206375
158206500
158206625
158206750
158207000
158207131
158207250
158207375
158207501
158207625
158207750
158207876
158208000
158208125
158208250
158208375
158208500
158208625
158208750
158208875
158209000
158209125
158209250
158209375
158209500
158209625
158209750
158209875
158210000
158210125
158210250
158210375
158210500
158210625
158210750
158211000
158211125
158211250
158211375
158211500
158211625
158211751
158211884
158212125
158212250
158212383
158212500
158212626
158212875
158213008
158213250
158213382
158213625
158213750
158213883
158214000
158214125
158214250
158214375
158214625
158214750
158214875
158215001
158215125
158215376
158215503
158215625
158215750
158215875
158216007
158216250
158216383
158216625
158216750
158217000
158217125
158217375
158217507
158217625
158217751
158217884
158218000
158218125
158218250
158218376
158218501
158218625
158218750
158218882
158219000
158219132
158219251
158219375
158219500
158219630
158219750
158220001
158220130
158220250
158220375
158220500
158220632
158220875
158221008
158221250
158221375
158221500
158221633
158221875
158222000
158222131
158222250
158222383
158222501
158222625
158222751
158222875
158223006
158223125
158223250
158223376
158223500
158223625
158223750
158224000
158224125
158224250
158224375
158224500
158224625
158224751
158224875
158225000
158225125
158225250
158229001
158229125
158229251
158229375
158229625
158229752
158229875
158230126
158230251
158230500
158230625
158230875
158231007
158231125
158231250
158231383
158231625
158231750
158231883
158232001
158232125
158232250
158232383
158232500
158232625
158232751
158232875
158233125
158233251
158233375
158233625
158233757
158233875
158234000
158234125
158234250
158234375
158234501
158234625
158234750
158234882
158235125
158235255
158235375
158235500
158235625
158235750
158235875
158236000
158236125
158236250
158236375
158236500
158236625
158236750
158236875
158237000
158237125
158237250
158237375
158237500
158237625
158237750
158237875
158238000
158238125
158238250
158238375
158238500
158238626
158238751
158238875
158239000
158239126
158239251
158239375
158239500
158239625
158239875
158240000
158240133
158240250
158240375
158240501
158240633
158240750
158240875
158241001
158241133
158241250
158241375
158241501
158241631
158241750
158241884
158242125
158242250
158242375
158242500
158242633
158242875
158243006
158243125
158243251
158243383
158243625
158243754
158243875
158244001
158244133
158244375
158244500
158244631
158244750
158244875
158245001
158245134
158245375
158245502
158245631
158245750
158245875
158246000
158246125
158246250
158246384
158246625
158246757
158246875
158247000
158247125
158247250
158247382
158247500
158247625
158247750
158247876
158248001
158248125
158248375
158248501
158248625
158248875
158249000
158249125
158249250
158249375
158249500
158249631
158249750
158249875
158250125
158250256
158250375
158250501
158250632
158250750
158250882
158251000
158251125
158251250
158251375
158251501
158251625
158251750
158251875
158252125
158252256
158252375
158252500
158252626
158252750
158252876
158253000
158253125
158253250
158253375
158253500
158253625
158253750
158253875
158254000
158254125
158254250
158254375
158254625
158254755
158255000
158255131
158255250
158255375
158260000
158260125
158260250
158260375