157290125
157290250
157290375
157290500
157290625
157290750
157290875
157291000
157291125
157291250
157291375
157291500
157291625
157291750
157291875
157292000
157292125
157292250
157292375
157292500
157292625
157292750
157292875
157293000
157293125
157293250
157293375
157293500
157293625
157293750
157293875
157294000
157294125
157294250
157294375
157294500
157294625
157294750
157294875
157295000
157295125
157295250
157295375
157295500
157295625
157295750
157295875
157296000
157296125
157296250
157296375
157296500
157296625
157296750
157296875
157297001
157297125
157297250
157297375
157297500
157297625
157297750
157297875
157298001
157298125
157298250
157298375
157298500
157298626
157298750
157298876
157299000
157299125
157299250
157299375
157299500
157299625
157299750
157299875
157300000
157300125
157300251
157300375
157300500
157300625
157300750
157300875
157301001
157301125
157301250
157301376
157301500
157301625
157301750
157301876
157302000
157302125
157302250
157302375
157302500
157302625
157302750
157302875
157303000
157303126
157303250
157303375
157303501
157303625
157303750
157303875
157304000
157304125
157304250
157304375
157304500
157304625
157304750
157304875
157305000
157305125
157305250
157305375
157305500
157305625
157305750
157305875
157306000
157306125
157306250
157306375
157306500
157306625
157306750
157306875
157307000
157307125
157307250
157307375
157307501
157307625
157307750
157307875
157308000
157308125
157308250
157308375
157308500
157308625
157308750
157308875
157309000
157309125
157309250
157309375
157309500
157309625
157309750
157309875
157310000
157310125
157310251
157310375
157310500
157310625
157310750
157310884
157311000
157311125
157311250
157311375
157311500
157311626
157311750
157311876
157312000
157312125
157312250
157312375
157312500
157312625
157312750
157312875
157313001
157313125
157313250
157313375
157313500
157313625
157313750
157313875
157314000
157314125
157314250
157314375
157314500
157314625
157314750
157314875
157315000
157315125
157315250
157315375
157315500
157315625
157315750
157315876
157316000
157316125
157316250
157316375
157316500
157316625
157316750
157316875
157317000
157317125
157317250
157317375
157317500
157317625
157317750
157317875
157318000
157318125
157318250
157318375
157318500
157318626
157318750
157318875
157319000
157319125
157319250
157319375
157319500
157319625
157319750
157319875
157320000
157320125
157323250
157323375
157323500
157323625
157323750
157323875
157324000
157324125
157324251
157324375
157324500
157324625
157324750
157324876
157325001
157325126
157325250
157325375
157325500
157325625
157325750
157325875
157326000
157326126
157326251
157326375
157326500
157326625
157326750
157326875
157327000
157327125
157327250
157327375
157327501
157327625
157327751
157327875
157328000
157328125
157328250
157328375
157328500
157328625
157328750
157328875
157329000
157329125
157329251
157329376
157329501
157329625
157329751
157329875
157330000
157330125
157330250
157330375
157330500
157330625
157330750
157330875
157331000
157331125
157331250
157331375
157331500
157331625
157331751
157331875
157332000
157332125
157332250
157332375
157332500
157332625
157332750
157332875
157333000
157333125
157333250
157333375
157333500
157333625
157333750
157333875
157334000
157334125
157334250
157334375
157334500
157334625
157334750
157334875
157335000
157335125
157335250
157335375
157335501
157335625
157335750
157335875
157336000
157336125
157336250
157336375
157336501
157336625
157336750
157336875
157337000
157337125
157337250
157337375
157337500
157337625
157337750
157337875
157338000
157338125
157338250
157338375
157338500
157338625
157338750
157338875
157339000
157339125
157339250
157339375
157339500
157339625
157339750
157339875
157340000
157340126
157340250
157340375
157340500
157340625
157340750
157340875
157341000
157341125
157341250
157341375
157341500
157341625
157341750
157341875
157342000
157342125
157342250
157342375
157342500
157342625
157342751
157342876
157343000
157343125
157343250
157343375
157343500
157343625
157343750
157343875
157344000
157344125
157344250
157344375
157344500
157344625
157344750
157344875
157345000
157345125
157345250
157345375
157345500
157345625
157345750
157345875
157346000
157346125
157346250
157346375
157346500
157346625
157346750
157346875
157347000
157347125
157347251
157347375
157347500
157347625
157347750
157347875
157348000
157348126
157348250
157348375
157348500
157348625
157348750
157348875
157349000
157349125
157349251
157349375
157349500
157349625
157349750
157349875
157350000
157350125
157350250
157350376
157350500
157350626
157350750
157350875
157351000
157351125
157351250
157351375
157351501
157351625
157351751
157351875
157352000
157352126
157352250
157352375
157352501
157352625
157352750
157352875
157353001
157353125
157353250
157353375
157353500
157353625
157353750
157353875
157354000
157354125
157354250
157354375
157354500
157354625
157354750
157354875
157355000
157355125
157355250
157357125
157357250
157357376
157357500
157357625
157357750
157357876
157358000
157358125
157358250
157358375
157358500
157358625
157358750
157358875
157359000
157359125
157359251
157359375
157359500
157359625
157359750
157359875
157360000
157360125
157360250
157360375
157360500
157360625
157360750
157360875
157361000
157361125
157361250
157361376
157361500
157361625
157361751
157361875
157362000
157362126
157362250
157362375
157362500
157362625
157362750
157362875
157363000
157363125
157363250
157363375
157363500
157363625
157363750
157363875
157364000
157364125
157364250
157364375
157364501
157364625
157364751
157364875
157365000
157365125
157365250
157365375
157365500
157365625
157365750
157365876
157366000
157366125
157366250
157366376
157366500
157366626
157366750
157366876
157367000
157367125
157367251
157367375
157367500
157367625
157367750
157367875
157368000
157368125
157368250
157368375
157368500
157368625
157368751
157368875
157369000
157369125
157369250
157369375
157369500
157369625
157369750
157369875
157370000
157370125
157370251
157370375
157370501
157370625
157370750
157370875
157371000
157371125
157371250
157371375
157371500
157371625
157371750
157371875
157372000
157372125
157372250
157372375
157372500
157372625
157372751
157372875
157373000
157373125
157373250
157373375
157373500
157373626
157373750
157373875
157374000
157374125
157374250
157374375
157374500
157374625
157374750
157374875
157375000
157375125
157375250
157375375
157375500
157375626
157375750
157375875
157376000
157376125
157376250
157376375
157376500
157376625
157376750
157376875
157377000
157377126
157377250
157377375
157377500
157377625
157377750
157377875
157378000
157378125
157378250
157378375
157378500
157378625
157378751
157378875
157379000
157379125
157379250
157379375
157379500
157379625
157379751
157379875
157380000
157380125
157380251
157380375
157380500
157380625
157380750
157380875
157381000
157381125
157381250
157381375
157381500
157381625
157381751
157381875
157382000
157382125
157382250
157382375
157382500
157382625
157382750
157382875
157383000
157383125
157383250
157383375
157383500
157383625
157383750
157383875
157384000
157384126
157384250
157384375
157384500
157384625
157384750
157384875
157385000
157385125
157385250
157389375
157389500
157389625
157389750
157389875
157390000
157390125
157390251
157390375
157390500
157390625
157390750
157390875
157391000
157391125
157391250
157391375
157391500
157391625
157391750
157391875
157392000
157392125
157392250
157392375
157392500
157392625
157392750
157392875
157393000
157393125
157393250
157393375
157393500
157393625
157393750
157393875
157394000
157394125
157394250
157394375
157394501
157394625
157394750
157394875
157395001
157395125
157395250
157395375
157395500
157395625
157395750
157395875
157396000
157396125
157396250
157396375
157396500
157396625
157396750
157396875
157397000
157397125
157397250
157397375
157397500
157397625
157397750
157397875
157398000
157398126
157398251
157398375
157398500
157398625
157398750
157398876
157399000
157399125
157399250
157399375
157399500
157399625
157399751
157399875
157400000
157400125
157400250
157400376
157400500
157400625
157400750
157400875
157401000
157401125
157401250
157401375
157401500
157401625
157401750
157401875
157402000
157402125
157402250
157402375
157402500
157402625
157402750
157402875
157403000
157403125
157403251
157403375
157403500
157403625
157403750
157403875
157404000
157404125
157404251
157404376
157404500
157404625
157404750
157404875
157405000
157405125
157405250
157405375
157405500
157405625
157405750
157405875
157406000
157406125
157406251
157406375
157406500
157406625
157406750
157406875
157407000
157407125
157407251
157407375
157407500
157407625
157407750
157407875
157408000
157408126
157408250
157408375
157408500
157408625
157408750
157408875
157409000
157409125
157409250
157409375
157409500
157409625
157409750
157409875
157410000
157410125
157410250
157410375
157410500
157410625
157410750
157410875
157411000
157411125
157411250
157411376
157411500
157411625
157411750
157411875
157412000
157412125
157412250
157412375
157412500
157412625
157412750
157412875
157413000
157413125
157413251
157413375
157413500
157413625
157413750
157413875
157414000
157414125
157414251
157414375
157414500
157414626
157414750
157414875
157415000
157415125
157415250
157415375
157415500
157415625
157415751
157415875
157416000
157416126
157416251
157416375
157416500
157416625
157416750
157416875
157417000
157417125
157417250
157417375
157417501
157417625
157417750
157417875
157418000
157418125
157418250
157418375
157418501
157418625
157418750
157418875
157419000
157419125
157419250
157419376
157419500
157419625
157419750
157419875
157420000
157420125
157420250
157420375
157423000
157423125
157423250
157423375
157423500
157423625
157423750
157423876
157424000
157424126
157424250
157424376
157424500
157424625
157424750
157424875
157425000
157425125
157425250
157425375
157425500
157425625
157425750
157425875
157426000
157426125
157426251
157426375
157426500
157426626
157426750
157426875
157427000
157427125
157427250
157427375
157427500
157427625
157427750
157427876
157428000
157428125
157428250
157428375
157428500
157428625
157428750
157428875
157429000
157429125
157429250
157429376
157429500
157429625
157429750
157429875
157430000
157430125
157430250
157430375
157430501
157430625
157430750
157430876
157431000
157431125
157431250
157431375
157431500
157431625
157431750
157431875
157432000
157432125
157432250
157432376
157432500
157432625
157432750
157432875
157433000
157433125
157433250
157433375
157433501
157433625
157433750
157433875
157434000
157434125
157434250
157434375
157434501
157434625
157434750
157434875
157435000
157435126
157435251
157435375
157435500
157435625
157435750
157435875
157436000
157436125
157436250
157436375
157436500
157436625
157436750
157436875
157437000
157437125
157437250
157437375
157437501
157437625
157437751
157437875
157438000
157438126
157438250
157438375
157438500
157438625
157438750
157438875
157439000
157439125
157439250
157439375
157439500
157439625
157439750
157439875
157440000
157440125
157440250
157440375
157440500
157440626
157440750
157440875
157441000
157441125
157441250
157441375
157441500
157441625
157441750
157441875
157442001
157442125
157442250
157442375
157442500
157442625
157442750
157442875
157443000
157443125
157443250
157443375
157443500
157443625
157443750
157443875
157444000
157444125
157444250
157444375
157444500
157444625
157444750
157444875
157445000
157445125
157445250
157445375
157445500
157445625
157445750
157445875
157446000
157446125
157446250
157446375
157446500
157446625
157446750
157446875
157447000
157447125
157447250
157447375
157447500
157447626
157447750
157447875
157448000
157448126
157448250
157448375
157448500
157448626
157448750
157448875
157449001
157449125
157449250
157449375
157449500
157449625
157449750
157449875
157450000
157450125
157450250
157450375
157450500
157450625
157450750
157450875
157451000
157451125
157451250
157451375
157451501
157451625
157451750
157451875
157452000
157452125
157452250
157452375
157452500
157452626
157452750
157452876
157453000
157453126
157453250
157453375
157453500
157453625
157453750
157453875
157454000
157454125
157454251
157454375
157454500
157454625
157454750
157454875
157455000
157455125
157455250
157455375
157456250
157456375
157456500
157456625
157456750
157456875
157457000
157457125
157457250
157457375
157457500
157457625
157457750
157457875
157458000
157458125
157458250
157458376
157458500
157458625
157458751
157458875
157459000
157459125
157459250
157459375
157459500
157459625
157459750
157459875
157460000
157460125
157460250
157460375
157460500
157460626
157460750
157460875
157461000
157461125
157461250
157461375
157461501
157461625
157461750
157461875
157462000
157462125
157462251
157462376
157462500
157462625
157462750
157462875
157463000
157463126
157463250
157463375
157463500
157463625
157463750
157463875
157464000
157464125
157464251
157464375
157464500
157464625
157464750
157464875
157465000
157465125
157465250
157465375
157465500
157465625
157465750
157465875
157466000
157466125
157466250
157466375
157466500
157466625
157466750
157466875
157467000
157467125
157467251
157467375
157467500
157467625
157467751
157467875
157468001
157468125
157468250
157468375
157468500
157468626
157468750
157468875
157469000
157469125
157469251
157469375
157469500
157469625
157469750
157469875
157470000
157470125
157470250
157470375
157470500
157470625
157470750
157470875
157471000
157471125
157471250
157471375
157471500
157471625
157471750
157471875
157472000
157472125
157472250
157472376
157472500
157472625
157472750
157472875
157473000
157473125
157473251
157473375
157473500
157473625
157473750
157473875
157474000
157474125
157474250
157474375
157474500
157474625
157474750
157474875
157475000
157475125
157475250
157475375
157475501
157475625
157475750
157475875
157476000
157476125
157476250
157476375
157476500
157476625
157476750
157476875
157477000
157477125
157477250
157477375
157477501
157477625
157477751
157477875
157478000
157478125
157478250
157478375
157478501
157478625
157478750
157478876
157479000
157479125
157479250
157479375
157479500
157479625
157479750
157479875
157480001
157480125
157480250
157480375
157480500
157480625
157480750
157480875
157481000
157481125
157481250
157481375
157481500
157481625
157481751
157481875
157482001
157482125
157482250
157482375
157482500
157482625
157482751
157482875
157483001
157483125
157483250
157483375
157483500
157483625
157483750
157483875
157484000
157484125
157484250
157484375
157484500
157484626
157484750
157484875
157485000
157485125
157485250
157485375
157487000
157487125
157487250
157487375
157487500
157487625
157487750
157487875
157488001
157488125
157488250
157488376
157488500
157488626
157488750
157488875
157489000
157489125
157489250
157489375
157489500
157489625
157489750
157489876
157490000
157490125
157490251
157490375
157490500
157490626
157490750
157490875
157491000
157491125
157491250
157491376
157491500
157491626
157491750
157491875
157492000
157492125
157492251
157492375
157492500
157492625
157492750
157492875
157493001
157493125
157493250
157493376
157493500
157493625
157493751
157493875
157494000
157494125
157494251
157494375
157494500
157494625
157494750
157494875
157495000
157495125
157495250
157495375
157495500
157495625
157495750
157495876
157496000
157496125
157496250
157496375
157496500
157496625
157496750
157496875
157497000
157497125
157497250
157497375
157497500
157497625
157497750
157497875
157498000
157498125
157498250
157498375
157498500
157498625
157498750
157498876
157499000
157499125
157499250
157499375
157499501
157499625
157499750
157499875
157500000
157500125
157500250
157500376
157500500
157500625
157500750
157500875
157501000
157501125
157501250
157501375
157501500
157501625
157501750
157501875
157502000
157502125
157502250
157502375
157502501
157502625
157502750
157502875
157503001
157503125
157503250
157503375
157503500
157503625
157503750
157503875
157504000
157504125
157504250
157504375
157504500
157504625
157504750
157504876
157505000
157505125
157505250
157505375
157505500
157505625
157505750
157505875
157506000
157506125
157506250
157506375
157506500
157506625
157506750
157506876
157507000
157507126
157507250
157507375
157507500
157507625
157507750
157507875
157508000
157508125
157508250
157508375
157508500
157508626
157508750
157508875
157509001
157509125
157509250
157509375
157509500
157509625
157509750
157509875
157510000
157510125
157510250
157510375
157510500
157510625
157510750
157510875
157511000
157511125
157511250
157511375
157511500
157511625
157511750
157511875
157512001
157512125
157512250
157512375
157512500
157512625
157512750
157512875
157513000
157513125
157513250
157513375
157513500
157513625
157513750
157513875
157514000
157514125
157514250
157514375
157514500
157514625
157514750
157514875
157515001
157515125
157515250
157515375
157520000
157520125
157520250
157520375
157520500
157520625
157520750
157520875
157521000
157521125
157521250
157521375
157521500
157521625
157521750
157521876
157522000
157522125
157522250
157522375
157522500
157522625
157522750
157522875
157523000
157523125
157523250
157523376
157523501
157523625
157523750
157523875
157524000
157524125
157524250
157524375
157524500
157524625
157524750
157524875
157525000
157525125
157525250
157525375
157525500
157525625
157525750
157525875
157526000
157526125
157526250
157526375
157526501
157526625
157526750
157526875
157527000
157527125
157527250
157527375
157527500
157527625
157527750
157527875
157528001
157528125
157528251
157528375
157528500
157528625
157528750
157528875
157529000
157529125
157529250
157529375
157529500
157529625
157529750
157529875
157530000
157530125
157530250
157530375
157530500
157530625
157530751
157530875
157531000
157531125
157531251
157531375
157531501
157531625
157531751
157531875
157532001
157532125
157532250
157532376
157532500
157532626
157532750
157532875
157533000
157533125
157533250
157533375
157533500
157533625
157533750
157533875
157534000
157534125
157534250
157534375
157534501
157534625
157534750
157534875
157535000
157535125
157535251
157535375
157535500
157535625
157535750
157535876
157536000
157536125
157536250
157536375
157536501
157536625
157536750
157536875
157537000
157537125
157537250
157537375
157537500
157537625
157537750
157537875
157538000
157538125
157538250
157538375
157538500
157538625
157538750
157538875
157539000
157539125
157539250
157539375
157539500
157539625
157539750
157539875
157540000
157540125
157540250
157540375
157540500
157540625
157540750
157540875
157541000
157541126
157541250
157541376
157541501
157541625
157541750
157541875
157542000
157542125
157542250
157542375
157542500
157542625
157542750
157542875
157543001
157543125
157543250
157543375
157543500
157543625
157543750
157543875
157544000
157544125
157544250
157544375
157544500
157544625
157544750
157544875
157545001
157545125
157545250
157545375
157545500
157545625
157545750
157545875
157546000
157546125
157546250
157546375
157546501
157546625
157546750
157546875
157547000
157547125
157547250
157547375
157547500
157547625
157547750
157547875
157548000
157548125
157548250
157548375
157548500
157548625
157548750
157548876
157549000
157549125
157549250
157549375
157549500
157549625
157549750
157549876
157550000
157550125
157550250
157550375
157550500
157552500
157552625
157552750
157552875
157553000
157553126
157553251
157553376
157553501
157553625
157553750
157553875
157554000
157554125
157554250
157554375
157554500
157554625
157554750
157554876
157555001
157555125
157555250
157555376
157555500
157555625
157555750
157555875
157556000
157556125
157556250
157556375
157556500
157556625
157556750
157556876
157557000
157557125
157557250
157557375
157557500
157557625
157557750
157557875
157558000
157558125
157558250
157558375
157558500
157558625
157558750
157558875
157559000
157559125
157559250
157559375
157559500
157559625
157559750
157559875
157560000
157560125
157560250
157560375
157560500
157560625
157560750
157560875
157561000
157561125
157561250
157561375
157561501
157561625
157561750
157561875
157562000
157562125
157562250
157562375
157562500
157562625
157562750
157562875
157563000
157563125
157563250
157563375
157563500
157563625
157563750
157563875
157564000
157564125
157564250
157564375
157564500
157564625
157564750
157564875
157565000
157565125
157565250
157565375
157565501
157565625
157565750
157565875
157566000
157566125
157566250
157566375
157566500
157566626
157566750
157566875
157567000
157567125
157567250
157567375
157567501
157567625
157567750
157567875
157568000
157568125
157568250
157568375
157568500
157568625
157568750
157568876
157569000
157569125
157569250
157569375
157569501
157569625
157569750
157569876
157570000
157570126
157570250
157570375
157570500
157570625
157570750
157570875
157571000
157571125
157571250
157571375
157571500
157571625
157571750
157571875
157572000
157572125
157572250
157572375
157572500
157572626
157572750
157572875
157573000
157573125
157573251
157573375
157573500
157573625
157573750
157573875
157574000
157574125
157574250
157574375
157574500
157574625
157574750
157574875
157575000
157575125
157575250
157575375
157575500
157575626
157575750
157575875
157576000
157576125
157576250
157576375
157576500
157576626
157576750
157576875
157577000
157577125
157577250
157577376
157577500
157577625
157577751
157577875
157578000
157578125
157578250
157578375
157578500
157578626
157578750
157578875
157579000
157579125
157579250
157579375
157579500
157579626
157579750
157579876
157580000
157580125
157580250
157580375
157580500
157580626
157585875
157586000
157586125
157586250
157586375
157586501
157586625
157586750
157586875
157587001
157587125
157587250
157587375
157587500
157587625
157587750
157587875
157588000
157588125
157588250
157588375
157588500
157588625
157588751
157588875
157589000
157589125
157589250
157589375
157589500
157589625
157589751
157589875
157590000
157590125
157590250
157590375
157590500
157590625
157590751
157590875
157591001
157591125
157591250
157591375
157591500
157591625
157591750
157591875
157592000
157592125
157592250
157592375
157592500
157592625
157592750
157592875
157593000
157593125
157593250
157593375
157593500
157593625
157593750
157593875
157594000
157594125
157594250
157594375
157594500
157594625
157594750
157594875
157595000
157595125
157595251
157595376
157595500
157595625
157595750
157595876
157596000
157596125
157596250
157596375
157596501
157596625
157596750
157596875
157597000
157597125
157597250
157597376
157597500
157597625
157597750
157597875
157598000
157598125
157598250
157598375
157598501
157598625
157598750
157598875
157599000
157599125
157599251
157599375
157599500
157599625
157599750
157599875
157600000
157600125
157600250
157600375
157600501
157600625
157600750
157600875
157601000
157601125
157601250
157601375
157601500
157601625
157601750
157601876
157602000
157602125
157602250
157602375
157602500
157602625
157602750
157602875
157603000
157603125
157603250
157603375
157603500
157603626
157603750
157603875
157604000
157604125
157604250
157604375
157604500
157604625
157604750
157604875
157605000
157605125
157605250
157605376
157605501
157605625
157605750
157605875
157606000
157606125
157606251
157606375
157606500
157606626
157606750
157606875
157607000
157607125
157607250
157607375
157607501
157607625
157607750
157607875
157608000
157608126
157608250
157608375
157608500
157608625
157608750
157608875
157609000
157609126
157609250
157609375
157609501
157609625
157609750
157609878
157610000
157610125
157610250
157610375
157610500
157610625
157610750
157611001
157611125
157611251
157611375
157611500
157611625
157611750
157611875
157612000
157612125
157612250
157612375
157612500
157612625
157612750
157612875
157613000
157613125
157613250
157613375
157613500
157613625
157613751
157613875
157614000
157614125
157614250
157614375
157614500
157614625
157614750
157614875
157615000
157615125
157615250
157615375
157615500
157615625
157615750
157615875
157619250
157619375
157619500
157619625
157619750
157619875
157620000
157620125
157620250
157620375
157620500
157620626
157620750
157620875
157621000
157621125
157621250
157621375
157621500
157621625
157621750
157621875
157622000
157622126
157622250
157622375
157622500
157622625
157622750
157622875
157623000
157623125
157623251
157623375
157623500
157623625
157623750
157623875
157624001
157624125
157624250
157624375
157624500
157624625
157624750
157624875
157625000
157625125
157625250
157625375
157625500
157625625
157625751
157625875
157626000
157626125
157626250
157626375
157626500
157626625
157626750
157626876
157627000
157627125
157627250
157627375
157627500
157627625
157627750
157627875
157628000
157628125
157628251
157628375
157628500
157628625
157628750
157628876
157629000
157629125
157629250
157629375
157629500
157629625
157629750
157629875
157630000
157630125
157630250
157630375
157630500
157630625
157630750
157630875
157631000
157631126
157631250
157631375
157631500
157631625
157631751
157631875
157632000
157632125
157632250
157632375
157632500
157632625
157632751
157632875
157633000
157633125
157633250
157633375
157633500
157633625
157633750
157633875
157634000
157634125
157634251
157634375
157634500
157634625
157634750
157634875
157635000
157635125
157635250
157635375
157635500
157635625
157635750
157635875
157636000
157636125
157636250
157636375
157636500
157636625
157636750
157636875
157637000
157637125
157637250
157637375
157637500
157637625
157637750
157637875
157638000
157638126
157638250
157638375
157638500
157638625
157638751
157638875
157639000
157639125
157639250
157639375
157639500
157639625
157639750
157639875
157640001
157640125
157640250
157640376
157640500
157640625
157640750
157640875
157641000
157641125
157641250
157641375
157641500
157641625
157641750
157641875
157642000
157642125
157642250
157642375
157642500
157642626
157642750
157642875
157643000
157643125
157643250
157643375
157643500
157643625
157643750
157643875
157644000
157644126
157644250
157644375
157644500
157644625
157644750
157644875
157645000
157645125
157645250
157645376
157645500
157645625
157645750
157645875
157650500
157650625
157650750
157650875
157651000
157651125
157651251
157651375
157651500
157651625
157651750
157651875
157652000
157652126
157652250
157652375
157652500
157652625
157652750
157652876
157653000
157653126
157653250
157653376
157653500
157653625
157653750
157653875
157654000
157654125
157654250
157654375
157654500
157654625
157654750
157654875
157655000
157655125
157655250
157655375
157655500
157655625
157655750
157655875
157656000
157656125
157656250
157656375
157656500
157656625
157656750
157656875
157657000
157657125
157657250
157657375
157657500
157657625
157657750
157657875
157658000
157658125
157658251
157658375
157658501
157658625
157658750
157658875
157659000
157659125
157659250
157659375
157659500
157659625
157659750
157659875
157660000
157660125
157660250
157660375
157660500
157660625
157660750
157660876
157661000
157661125
157661250
157661375
157661500
157661625
157661750
157661875
157662001
157662125
157662250
157662375
157662500
157662625
157662750
157662875
157663001
157663125
157663250
157663375
157663500
157663625
157663750
157663875
157664000
157664126
157664250
157664375
157664501
157664625
157664750
157664875
157665000
157665125
157665250
157665376
157665500
157665625
157665750
157665876
157666000
157666125
157666250
157666375
157666500
157666625
157666750
157666875
157667000
157667125
157667250
157667375
157667501
157667625
157667750
157667875
157668000
157668125
157668250
157668375
157668500
157668625
157668750
157668876
157669000
157669125
157669250
157669375
157669500
157669625
157669750
157669875
157670000
157670125
157670250
157670375
157670500
157670625
157670750
157670876
157671000
157671125
157671250
157671375
157671500
157671625
157671750
157671875
157672000
157672125
157672251
157672375
157672501
157672625
157672750
157672875
157673000
157673125
157673250
157673376
157673500
157673625
157673750
157673875
157674000
157674125
157674250
157674376
157674500
157674625
157674750
157674875
157675000
157675125
157675250
157675375
157675500
157675625
157675750
157675875
157676000
157676125
157676250
157676376
157676500
157676625
157676751
157676875
157677000
157677125
157677257
157677375
157677500
157677625
157677750
157677875
157678000
157678125
157678250
157678376
157678500
157678625
157678750
157678875
157679000
157679125
157679250
157679376
157679500
157679625
157679750
157679875
157680000
157680125
157680250
157680375
157680500
157680625
157680750
157680875
157681000
157681125
157681250
157681375
157681500
157681625
157681750
157681875
157682000
157682125
157682250
157682375
157682500
157682625
157682751
157682875
157683001
157683125
157683251
157683375
157683500
157683625
157683750
157683875
157684001
157684125
157684250
157684375
157684500
157684625
157684751
157684875
157685001
157685125
157685250
157685376
157685500
157685625
157685750
157685875
157686000
157686125
157686250
157686375
157686500
157686625
157686750
157686875
157687000
157687126
157687251
157687375
157687500
157687626
157687750
157687876
157688000
157688125
157688250
157688375
157688500
157688625
157688750
157688876
157689000
157689125
157689251
157689375
157689500
157689625
157689751
157689875
157690000
157690125
157690250
157690375
157690500
157690625
157690750
157690875
157691000
157691125
157691250
157691375
157691500
157691625
157691750
157691875
157692000
157692125
157692250
157692375
157692501
157692625
157692750
157692875
157693000
157693125
157693250
157693375
157693500
157693625
157693750
157693875
157694001
157694125
157694250
157694375
157694500
157694625
157694750
157694875
157695000
157695125
157695250
157695375
157695500
157695625
157695750
157695875
157696000
157696125
157696251
157696375
157696500
157696625
157696750
157696875
157697000
157697126
157697250
157697375
157697500
157697625
157697750
157697875
157698000
157698126
157698250
157698375
157698501
157698625
157698750
157698875
157699000
157699125
157699250
157699375
157699500
157699625
157699751
157699875
157700000
157700125
157700250
157700375
157700500
157700625
157700750
157700875
157701000
157701125
157701250
157701375
157701500
157701626
157701750
157701875
157702125
157702251
157702377
157702500
157702625
157702750
157702875
157703000
157703125
157703250
157703375
157703500
157703625
157703750
157703875
157704000
157704125
157704250
157704375
157704501
157704625
157704750
157704875
157705001
157705125
157705250
157705375
157705500
157705625
157705750
157705876
157706000
157710000
157710125
157710251
157710375
157710500
157710626
157710750
157710876
157711000
157711125
157711250
157711375
157711500
157711626
157711750
157711875
157712000
157712125
157712250
157712375
157712500
157712625
157712750
157712875
157713000
157713126
157713250
157713375
157713500
157713625
157713750
157713875
157714000
157714125
157714250
157714375
157714500
157714625
157714750
157714875
157715000
157715125
157715250
157715375
157715500
157715625
157715751
157715875
157716000
157716125
157716250
157716375
157716500
157716625
157716750
157716875
157717000
157717126
157717250
157717375
157717500
157717626
157717750
157717875
157718000
157718125
157718250
157718375
157718500
157718626
157718750
157718876
157719000
157719125
157719250
157719376
157719500
157719625
157719750
157719875
157720001
157720125
157720250
157720375
157720500
157720625
157720751
157720875
157721000
157721125
157721250
157721375
157721500
157721625
157721750
157721875
157722000
157722125
157722250
157722375
157722500
157722625
157722750
157722875
157723000
157723125
157723250
157723375
157723500
157723626
157723750
157723876
157724001
157724125
157724251
157724375
157724500
157724625
157724750
157724875
157725000
157725125
157725251
157725375
157725500
157725626
157725750
157725875
157726000
157726125
157726250
157726375
157726501
157726625
157726750
157726876
157727000
157727125
157727250
157727375
157727501
157727625
157727750
157727875
157728000
157728125
157728250
157728375
157728500
157728625
157728750
157728875
157729000
157729134
157729250
157729375
157729500
157729625
157729750
157729876
157730000
157730125
157730250
157730375
157730500
157730625
157730750
157730875
157731000
157731125
157731250
157731375
157731500
157731625
157731750
157731875
157732000
157732125
157732250
157732375
157732501
157732625
157732750
157732875
157733001
157733125
157733250
157733375
157733500
157733625
157733750
157733875
157734000
157734125
157734250
157734376
157734500
157734625
157734750
157734875
157735000
157735125
157735251
157735375
157735500
157735625
157735750
157735875
157736000
157736125
157736250
157736375
157736500
157736626
157736750
157736876
157737000
157737125
157737250
157737375
157737500
157737625
157737750
157737875
157738000
157738125
157738250
157738375
157738501
157738625
157738875
157739000
157739125
157739250
157739375
157739500
157739625
157739751
157739875
157740000
157740125
157740250
157740375
157740500
157740625
157740750
157740875
157741000
157741125
157742125
157742250
157742375
157742500
157742625
157742750
157742875
157743000
157743125
157743250
157743375
157743500
157743625
157743750
157743875
157744000
157744125
157744250
157744375
157744500
157744625
157744750
157744875
157745000
157745125
157745250
157745375
157745500
157745625
157745750
157745875
157746000
157746125
157746250
157746375
157746500
157746626
157746750
157746875
157747000
157747126
157747250
157747375
157747500
157747626
157747750
157747875
157748000
157748126
157748250
157748375
157748500
157748625
157748750
157748875
157749000
157749125
157749250
157749375
157749500
157749625
157749750
157749876
157750000
157750125
157750251
157750375
157750500
157750625
157750750
157750875
157751001
157751125
157751251
157751375
157751500
157751625
157751750
157751875
157752001
157752125
157752250
157752375
157752500
157752625
157752750
157752875
157753000
157753125
157753250
157753376
157753500
157753625
157753750
157753876
157754000
157754125
157754250
157754375
157754500
157754625
157754750
157754875
157755000
157755125
157755250
157755375
157755500
157755625
157755750
157755875
157756000
157756125
157756250
157756375
157756500
157756625
157756751
157756875
157757000
157757125
157757250
157757375
157757500
157757625
157757750
157757875
157758000
157758125
157758250
157758375
157758500
157758625
157758750
157758875
157759001
157759125
157759250
157759375
157759500
157759626
157759750
157759875
157760000
157760125
157760250
157760375
157760500
157760625
157760750
157760875
157761000
157761125
157761250
157761375
157761500
157761625
157761750
157761875
157762000
157762125
157762250
157762375
157762500
157762625
157762751
157762875
157763000
157763125
157763250
157763375
157763500
157763625
157763750
157763875
157764000
157764125
157764250
157764375
157764500
157764625
157764750
157764876
157765000
157765125
157765250
157765375
157765500
157765626
157765750
157765875
157766000
157766125
157766250
157766375
157766500
157766625
157766750
157766875
157767000
157767126
157767251
157767375
157767500
157767625
157767750
157767875
157768000
157768125
157768250
157768375
157768500
157768625
157768750
157768875
157769000
157769125
157769250
157769375
157769501
157769625
157769751
157769875
157770000
157770125
157770250
157770375
157770500
157770625
157770750
157770875
157771000
157771125
157771250
157771375
157771501
157771625
157771750
157771875
157772001
157772125
157772250
157772375
157772500
157772750
157772875
157773000
157773125
157773250
157773376
157773500
157773625
157773751
157773875
157774000
157774125
157774250
157774375
157774500
157774625
157774750
157774875
157775000
157775125
157775250
157775375
157775500
157775625
157775751
157775875
157776001
157776125
157776250
157776375
157776500
157776626
157776750
157776875
157777000
157777126
157777250
157777375
157777500
157777625
157777750
157777875
157778000
157778125
157778250
157778375
157778501
157778625
157778750
157778875
157779000
157779125
157779250
157779375
157779501
157779625
157779750
157779875
157780000
157780125
157780250
157780375
157780500
157780625
157780750
157780875
157781001
157781125
157781250
157781375
157781500
157781625
157781751
157781875
157782000
157782125
157782251
157782376
157782500
157782625
157782750
157782875
157783000
157783125
157783250
157783375
157783500
157783625
157783750
157783875
157784000
157784125
157784250
157784375
157784500
157784625
157784751
157784875
157785000
157785125
157785250
157785375
157785500
157785625
157785750
157785875
157786000
157786125
157786250
157786375
157786500
157786625
157786750
157786875
157787000
157787125
157787250
157787375
157787500
157787625
157787750
157787875
157788000
157788125
157788250
157788375
157788500
157788625
157788750
157788876
157789000
157789125
157789250
157789375
157789500
157789625
157789750
157789875
157790000
157790125
157790250
157790375
157790500
157790626
157790750
157790875
157791001
157791126
157791250
157791375
157791500
157791625
157791750
157791875
157792000
157792125
157792250
157792375
157792500
157792625
157792750
157792875
157793000
157793125
157793250
157793375
157793501
157793625
157793750
157793875
157794000
157794125
157794250
157794375
157794500
157794625
157794750
157794875
157795000
157795125
157795250
157795375
157795500
157795625
157795750
157795875
157796001
157796125
157796251
157796375
157796500
157796625
157796750
157796875
157797000
157797125
157797250
157797375
157797500
157797625
157797750
157797875
157798000
157798125
157798250
157798375
157798500
157798626
157798750
157798875
157799000
157799125
157799250
157799375
157799500
157799625
157799750
157799875
157800000
157800125
157800250
157800375
157800500
157800625
157800750
157800875
157801000
157801125
157801250
157801375
157803875
157804000
157804125
157804250
157804375
157804500
157804625
157804750
157804875
157805000
157805125
157805250
157805375
157805500
157805625
157805750
157805875
157806000
157806125
157806250
157806375
157806500
157806625
157806751
157806875
157807000
157807125
157807250
157807375
157807500
157807625
157807750
157807875
157808001
157808125
157808250
157808375
157808500
157808625
157808750
157808875
157809000
157809126
157809250
157809375
157809500
157809625
157809750
157809875
157810000
157810125
157810250
157810375
157810500
157810625
157810750
157810875
157811000
157811125
157811250
157811375
157811500
157811625
157811751
157811875
157812000
157812125
157812250
157812375
157812500
157812626
157812750
157812875
157813000
157813125
157813250
157813375
157813501
157813625
157813751
157813875
157814000
157814125
157814250
157814376
157814500
157814625
157814750
157814875
157815000
157815126
157815250
157815375
157815500
157815625
157815750
157815875
157816000
157816125
157816250
157816375
157816500
157816625
157816751
157816875
157817001
157817125
157817250
157817375
157817500
157817625
157817750
157817875
157818000
157818125
157818250
157818375
157818500
157818625
157818750
157818876
157819000
157819125
157819250
157819375
157819500
157819625
157819751
157819875
157820000
157820125
157820250
157820375
157820500
157820626
157820750
157820875
157821000
157821125
157821250
157821375
157821500
157821625
157821750
157821875
157822000
157822125
157822250
157822375
157822500
157822625
157822750
157822875
157823000
157823126
157823250
157823376
157823500
157823625
157823750
157823875
157824000
157824125
157824250
157824375
157824501
157824625
157824751
157824875
157825000
157825125
157825250
157825375
157825500
157825625
157825751
157825875
157826000
157826125
157826250
157826375
157826500
157826625
157826751
157826875
157827000
157827125
157827250
157827375
157827500
157827625
157827750
157827875
157828000
157828125
157828250
157828375
157828500
157828625
157828750
157828875
157829000
157829125
157829251
157829375
157829500
157829625
157829750
157829875
157830000
157830125
157830250
157830375
157830500
157830626
157830750
157830875
157831000
157831125
157831250
157831375
157834250
157834375
157834500
157834625
157834750
157834875
157835000
157835125
157835250
157835375
157835501
157835625
157835750
157835875
157836001
157836125
157836250
157836375
157836500
157836625
157836750
157836875
157837000
157837125
157837250
157837375
157837500
157837625
157837750
157837875
157838001
157838125
157838250
157838375
157838500
157838625
157838750
157838875
157839000
157839125
157839250
157839375
157839500
157839626
157839750
157839875
157840000
157840126
157840250
157840375
157840501
157840625
157840750
157840875
157841000
157841125
157841250
157841375
157841500
157841625
157841750
157841875
157842000
157842125
157842250
157842375
157842500
157842625
157842750
157842875
157843000
157843126
157843250
157843375
157843500
157843625
157843751
157843875
157844000
157844125
157844250
157844375
157844500
157844625
157844750
157844876
157845000
157845125
157845250
157845375
157845500
157845625
157845750
157845875
157846001
157846125
157846250
157846375
157846500
157846625
157846750
157846875
157847001
157847125
157847250
157847375
157847500
157847625
157847750
157847875
157848001
157848125
157848250
157848375
157848500
157848625
157848751
157848875
157849000
157849125
157849250
157849375
157849500
157849625
157849750
157849875
157850001
157850126
157850250
157850376
157850500
157850625
157850750
157850876
157851000
157851125
157851250
157851375
157851500
157851625
157851750
157851875
157852000
157852125
157852250
157852375
157852500
157852625
157852751
157852876
157853000
157853125
157853250
157853375
157853500
157853625
157853750
157853875
157854000
157854125
157854251
157854375
157854501
157854625
157854750
157854875
157855000
157855125
157855250
157855375
157855500
157855625
157855750
157855875
157856000
157856125
157856250
157856375
157856500
157856626
157856750
157856875
157857000
157857125
157857250
157857375
157857500
157857625
157857750
157857875
157858000
157858125
157858250
157858375
157858500
157858626
157858750
157858876
157859000
157859125
157859250
157859375
157859500
157859625
157859750
157859875
157860000
157860125
157860250
157860375
157860500
157860625
157860751
157860875
157861001
157861126
157861250
157861375
157861500
157861625
157861750
157861876
157862000
157862125
157862251
157862375
157862500
157862625
157862750
157862875
157863000
157863125
157863250
157863375
157863500
157863625
157863750
157863875
157864000
157864125
157864250
157864376
157864500
157864625
157864756
157864875
157865001
157865125
157865251
157865375
157865500
157865625
157865750
157865875
157866000
157866125
157866251
157866375
157867500
157867625
157867750
157867875
157868000
157868126
157868250
157868375
157868500
157868625
157868750
157868875
157869000
157869125
157869250
157869375
157869500
157869625
157869750
157869875
157870000
157870126
157870250
157870375
157870501
157870625
157870750
157870875
157871000
157871125
157871250
157871376
157871500
157871626
157871750
157871875
157872000
157872125
157872251
157872375
157872500
157872625
157872750
157872876
157873000
157873125
157873250
157873375
157873500
157873625
157873750
157873875
157874000
157874125
157874250
157874375
157874500
157874625
157874750
157874875
157875001
157875125
157875251
157875375
157875500
157875625
157875750
157875876
157876000
157876125
157876251
157876375
157876500
157876625
157876750
157876875
157877000
157877125
157877251
157877375
157877501
157877625
157877750
157877875
157878000
157878125
157878250
157878376
157878500
157878625
157878750
157878875
157879000
157879125
157879250
157879375
157879500
157879625
157879751
157879875
157880000
157880125
157880250
157880375
157880501
157880625
157880750
157880875
157881000
157881125
157881250
157881375
157881500
157881626
157881750
157881876
157882001
157882125
157882251
157882375
157882500
157882625
157882750
157882875
157883000
157883126
157883250
157883375
157883500
157883625
157883750
157883875
157884000
157884125
157884250
157884375
157884500
157884626
157884750
157884875
157885000
157885125
157885250
157885375
157885500
157885625
157885750
157885876
157886000
157886125
157886250
157886375
157886500
157886625
157886750
157886876
157887000
157887125
157887250
157887376
157887500
157887625
157887750
157887875
157888000
157888125
157888250
157888375
157888500
157888625
157888750
157888875
157889001
157889125
157889250
157889375
157889500
157889625
157889750
157889875
157890000
157890125
157890250
157890376
157890500
157890625
157890750
157890875
157891000
157891125
157891250
157891376
157891500
157891625
157891750
157891875
157892000
157892125
157892250
157892376
157892500
157892625
157892750
157892875
157893000
157893126
157893250
157893375
157893500
157893625
157893750
157893875
157894000
157894125
157894250
157894376
157894501
157894625
157894750
157894875
157895000
157895126
157895250
157895375
157895500
157895625
157895750
157895875
157896000
157896125
157896250
157896375
157897250
157897384
157897500
157897625
157897750
157897875
157898000
157898125
157898250
157898375
157898500
157898625
157898750
157898875
157899000
157899125
157899251
157899375
157899500
157899625
157899750
157899875
157900000
157900125
157900250
157900375
157900500
157900625
157900750
157900875
157901001
157901125
157901250
157901375
157901500
157901625
157901750
157901875
157902000
157902126
157902250
157902375
157902500
157902625
157902750
157902875
157903000
157903125
157903250
157903375
157903500
157903625
157903750
157903875
157904000
157904125
157904250
157904375
157904500
157904625
157904750
157904875
157905000
157905125
157905250
157905375
157905500
157905625
157905750
157905875
157906000
157906125
157906250
157906375
157906500
157906625
157906751
157906875
157907000
157907125
157907250
157907375
157907500
157907625
157907750
157907875
157908000
157908125
157908250
157908375
157908500
157908625
157908750
157908875
157909000
157909125
157909251
157909375
157909500
157909625
157909750
157909875
157910000
157910125
157910250
157910375
157910500
157910625
157910750
157910875
157911000
157911125
157911250
157911375
157911500
157911625
157911750
157911875
157912000
157912125
157912250
157912375
157912500
157912625
157912750
157912875
157913000
157913125
157913250
157913376
157913500
157913625
157913750
157913876
157914000
157914125
157914250
157914376
157914500
157914625
157914750
157914875
157915000
157915125
157915250
157915375
157915500
157915625
157915750
157915876
157916000
157916125
157916250
157916375
157916500
157916625
157916750
157916875
157917000
157917125
157917250
157917375
157917500
157917625
157917750
157917875
157918000
157918125
157918250
157918375
157918500
157918625
157918750
157918875
157919000
157919125
157919250
157919375
157919500
157919625
157919750
157919875
157920000
157920125
157920250
157920375
157920500
157920625
157920750
157920876
157921000
157921125
157921250
157921375
157921500
157921625
157921750
157921875
157922000
157922125
157922250
157922375
157922500
157922625
157922750
157922876
157923000
157923125
157923250
157923375
157923500
157923625
157923750
157923875
157924000
157924125
157924250
157924376
157924500
157924625
157924750
157924875
157925000
157925126
157925250
157925375
157925500
157925626
157925750
157925875
157926000
157926125
157926250
157926375
157926500
157926626
157926750
157926875
157927000
157927125
157927375
157927501
157927625
157927750
157927875
157928000
157928125
157928251
157928375
157928501
157928625
157928750
157928875
157929000
157929125
157929251
157929375
157929500
157929625
157929750
157929875
157930001
157930126
157930250
157930375
157930500
157930625
157930750
157930875
157931000
157931125
157931251
157931375
157931500
157931625
157931750
157931875
157932001
157932125
157932250
157932375
157932500
157932625
157932751
157932876
157933000
157933125
157933250
157933376
157933500
157933625
157933750
157933875
157934000
157934125
157934250
157934375
157934500
157934625
157934750
157934875
157935000
157935126
157935250
157935375
157935500
157935625
157935751
157935875
157936000
157936125
157936250
157936375
157936500
157936625
157936750
157936875
157937001
157937125
157937250
157937375
157937500
157937625
157937751
157937875
157938000
157938125
157938250
157938375
157938500
157938626
157938750
157938875
157939000
157939125
157939250
157939375
157939501
157939625
157939751
157939875
157940000
157940125
157940250
157940375
157940500
157940625
157940750
157940876
157941000
157941126
157941250
157941375
157941501
157941625
157941750
157941876
157942000
157942125
157942250
157942375
157942500
157942625
157942750
157942875
157943000
157943126
157943250
157943375
157943501
157943625
157943750
157943875
157944000
157944125
157944250
157944375
157944500
157944625
157944750
157944875
157945000
157945125
157945250
157945375
157945500
157945625
157945750
157945875
157946000
157946125
157946250
157946375
157946500
157946626
157946750
157946875
157947000
157947125
157947250
157947375
157947500
157947626
157947750
157947875
157948000
157948125
157948250
157948375
157948500
157948625
157948750
157948875
157949000
157949125
157949250
157949375
157949500
157949625
157949750
157949875
157950000
157950125
157950251
157950375
157950500
157950625
157950750
157951000
157951125
157951250
157951375
157951500
157951625
157951750
157951875
157952001
157952125
157952250
157953625
157953751
157953875
157954000
157954126
157954250
157954375
157954500
157954626
157954750
157954875
157955001
157955125
157955250
157955375
157955501
157955625
157955750
157955875
157956000
157956125
157956250
157956375
157956500
157956625
157956750
157956875
157957000
157957128
157957250
157957375
157957500
157957625
157957750
157957875
157958000
157958125
157958250
157958375
157958500
157958625
157958750
157958875
157959000
157959125
157959250
157959375
157959500
157959626
157959750
157959875
157960000
157960125
157960251
157960375
157960500
157960625
157960750
157960875
157961000
157961125
157961250
157961375
157961500
157961625
157961750
157961875
157962000
157962125
157962250
157962376
157962500
157962625
157962750
157962875
157963000
157963125
157963250
157963375
157963500
157963625
157963750
157963875
157964000
157964125
157964250
157964375
157964500
157964625
157964750
157964875
157965000
157965125
157965250
157965375
157965500
157965625
157965750
157965876
157966001
157966125
157966250
157966375
157966500
157966625
157966750
157966875
157967000
157967125
157967250
157967375
157967500
157967625
157967750
157967875
157968000
157968125
157968250
157968375
157968500
157968625
157968750
157968875
157969001
157969125
157969250
157969375
157969500
157969626
157969750
157969875
157970000
157970125
157970250
157970375
157970500
157970625
157970750
157970875
157971000
157971125
157971250
157971375
157971500
157971625
157971750
157971875
157972001
157972125
157972250
157972375
157972500
157972625
157972750
157972875
157973000
157973125
157973251
157973375
157973500
157973625
157973750
157973875
157974000
157974125
157974251
157974375
157974500
157974625
157974750
157974875
157975000
157975125
157975250
157975375
157975500
157975625
157975750
157975875
157976000
157976125
157976250
157976375
157976500
157976625
157976750
157976875
157977000
157977125
157977251
157977375
157977500
157977625
157977750
157977875
157978000
157978125
157978250
157978375
157978500
157978625
157978750
157978875
157979000
157979125
157979250
157979375
157979500
157979625
157979750
157979875
157980000
157980125
157980250
157980375
157980500
157980625
157980750
157980875
157981000
157981125
157981250
157981375
157981500
157981625
157981750
157981875
157982000
157982125
157982250
157985625
157985750
157985876
157986000
157986125
157986250
157986375
157986500
157986625
157986750
157986875
157987000
157987125
157987250
157987375
157987500
157987625
157987750
157987875
157988000
157988125
157988250
157988375
157988501
157988625
157988750
157988875
157989000
157989126
157989250
157989375
157989500
157989625
157989750
157989875
157990000
157990125
157990250
157990375
157990500
157990625
157990750
157990875
157991001
157991126
157991250
157991375
157991500
157991625
157991750
157991875
157992000
157992125
157992250
157992375
157992500
157992625
157992751
157992875
157993001
157993125
157993250
157993375
157993501
157993625
157993750
157993875
157994000
157994126
157994250
157994375
157994500
157994625
157994750
157994875
157995000
157995125
157995250
157995375
157995500
157995626
157995750
157995875
157996000
157996125
157996250
157996375
157996500
157996625
157996750
157996876
157997000
157997125
157997250
157997375
157997501
157997625
157997751
157997875
157998000
157998125
157998250
157998376
157998500
157998626
157998750
157998875
157999000
157999125
157999250
157999375
157999500
157999626
157999750
157999875
158000000
158000125
158000251
158000375
158000500
158000625
158000751
158000875
158001000
158001125
158001250
158001375
158001500
158001625
158001750
158001875
158002000
158002125
158002250
158002375
158002500
158002625
158002750
158002875
158003000
158003125
158003250
158003375
158003500
158003625
158003750
158003875
158004000
158004125
158004250
158004375
158004500
158004625
158004750
158004875
158005000
158005125
158005250
158005375
158005500
158005625
158005750
158005875
158006001
158006125
158006250
158006375
158006501
158006625
158006750
158006875
158007000
158007125
158007250
158007375
158007500
158007625
158007750
158007875
158008000
158008125
158008250
158008375
158008500
158008626
158008750
158008875
158009001
158009125
158009250
158009375
158009501
158009625
158009750
158009875
158010000
158010125
158010250
158010375
158010500
158010625
158010750
158010875
158011000
158011125
158011250
158011375
158011500
158011626
158011750
158011876
158012000
158012125
158012250
158012375
158012501
158012625
158012751
158012875
158013000
158013125
158013250
158013375
158013500
158013625
158013750
158013875
158014000
158014125
158014250
158014375
158014500
158014625
158014875
158015000
158015125
158015251
158015375
158015500
158015625
158015750
158015875
158016000
158016125
158016250
158016375
158016500
158016625
158016750
158016875
158017000
158017125
158017250
158017375
158017500
158017625
158017750
158017875
158018000
158018125
158018250
158018375
158018500
158018625
158018750
158018875
158019001
158019125
158019250
158019375
158019500
158019625
158019750
158019875
158020000
158020125
158020250
158020375
158020501
158020625
158020750
158020875
158021000
158021125
158021250
158021375
158021501
158021625
158021750
158021875
158022000
158022126
158022250
158022375
158022500
158022625
158022750
158022875
158023000
158023125
158023250
158023375
158023500
158023625
158023750
158023875
158024000
158024125
158024250
158024375
158024500
158024625
158024750
158024875
158025000
158025125
158025250
158025375
158025500
158025625
158025750
158025875
158026000
158026125
158026250
158026375
158026500
158026625
158026750
158026875
158027000
158027125
158027250
158027375
158027501
158027625
158027750
158027875
158028000
158028125
158028250
158028375
158028500
158028625
158028750
158028875
158029000
158029125
158029250
158029375
158029501
158029625
158029750
158029875
158030000
158030125
158030250
158030375
158030500
158030625
158030750
158030875
158031000
158031125
158031250
158031375
158031500
158031625
158031750
158031875
158032000
158032125
158032250
158032375
158032501
158032626
158032750
158032875
158033001
158033125
158033250
158033375
158033500
158033625
158033750
158033876
158034000
158034125
158034250
158034375
158034500
158034625
158034750
158034875
158035000
158035125
158035250
158035375
158035500
158035626
158035750
158035875
158036001
158036125
158036250
158036375
158036500
158036625
158036750
158036876
158037000
158037126
158037251
158037375
158037500
158037625
158037750
158037875
158038000
158038125
158038250
158038375
158038500
158038625
158038751
158038875
158039000
158039125
158039250
158039375
158039500
158039625
158039751
158039875
158040000
158040125
158040250
158040375
158040500
158040625
158040751
158040875
158041000
158041125
158041250
158041376
158041500
158041625
158041750
158041875
158042000
158042126
158042250
158042376
158042500
158044375
158044500
158044625
158044750
158044875
158045000
158045125
158045250
158045375
158045500
158045625
158045750
158045875
158046000
158046125
158046250
158046375
158046500
158046625
158046750
158046875
158047000
158047125
158047250
158047375
158047500
158047625
158047750
158047875
158048000
158048125
158048251
158048375
158048500
158048625
158048750
158048876
158049000
158049125
158049250
158049375
158049500
158049625
158049750
158049876
158050000
158050125
158050250
158050375
158050500
158050625
158050750
158050875
158051000
158051125
158051250
158051375
158051500
158051625
158051750
158051875
158052000
158052125
158052250
158052375
158052500
158052626
158052750
158052875
158053000
158053125
158053250
158053375
158053500
158053625
158053750
158053875
158054001
158054125
158054250
158054375
158054500
158054626
158054751
158054875
158055000
158055125
158055250
158055375
158055500
158055625
158055750
158055875
158056000
158056125
158056250
158056375
158056500
158056625
158056750
158056875
158057000
158057126
158057250
158057375
158057500
158057625
158057750
158057875
158058000
158058125
158058250
158058375
158058500
158058625
158058750
158058875
158059000
158059125
158059250
158059375
158059500
158059625
158059750
158059876
158060000
158060125
158060250
158060375
158060500
158060625
158060750
158060875
158061000
158061125
158061250
158061375
158061500
158061625
158061750
158061875
158062000
158062125
158062250
158062375
158062500
158062626
158062750
158062876
158063000
158063125
158063250
158063376
158063500
158063625
158063750
158063875
158064000
158064126
158064250
158064378
158064500
158064625
158064750
158064875
158065000
158065125
158065250
158065375
158065500
158065625
158065751
158065875
158066000
158066125
158066250
158066375
158066500
158066625
158066750
158066875
158067000
158067125
158067250
158067375
158067500
158067625
158067750
158067875
158068000
158068125
158068250
158068375
158068501
158068625
158068750
158068875
158069000
158069125
158069251
158069375
158069500
158069625
158069750
158069876
158070000
158070125
158070250
158070376
158070500
158070625
158070750
158070875
158071000
158071125
158071250
158071375
158071500
158071626
158071750
158071876
158072000
158072125
158072250
158072375
158072500
158072625
158072750
158072875
158073000
158073125
158073250
158073500
158073625
158073750
158073875
158074000
158074125
158074250
158074375
158074500
158074625
158074750
158074875
158075000
158075125
158075250
158075375
158075500
158075625
158075750
158075875
158076000
158076125
158076250
158076375
158076500
158076626
158076751
158076875
158077000
158077125
158077250
158077375
158077500
158077625
158077750
158077875
158078000
158078125
158078250
158078375
158078500
158078625
158078750
158078875
158079000
158079125
158079250
158079375
158079500
158079625
158079750
158079876
158080000
158080125
158080250
158080375
158080501
158080625
158080750
158080875
158081000
158081126
158081250
158081375
158081500
158081625
158081750
158081875
158082000
158082125
158082250
158082376
158082500
158082625
158082750
158082875
158083000
158083125
158083250
158083375
158083500
158083625
158083750
158083875
158084000
158084125
158084250
158084375
158084500
158084625
158084750
158084875
158085000
158085125
158085250
158085375
158085501
158085625
158085750
158085875
158086000
158086125
158086251
158086375
158086500
158086625
158086750
158086875
158087000
158087125
158087250
158087375
158087501
158087625
158087750
158087876
158088000
158088125
158088250
158088375
158088500
158088625
158088750
158088875
158089000
158089126
158089250
158089375
158089500
158089626
158089750
158089875
158090000
158090125
158090250
158090375
158090500
158090625
158090750
158090875
158091000
158091125
158091251
158091375
158091500
158091626
158091750
158091875
158092000
158092125
158092250
158092375
158092500
158092625
158092750
158092875
158093001
158093125
158093250
158093375
158093500
158093625
158093750
158093875
158094000
158094125
158094250
158094375
158094501
158094625
158094750
158094875
158095000
158095125
158095250
158095375
158095500
158095625
158095750
158095875
158096001
158096125
158096250
158096375
158096500
158096625
158096750
158096875
158097001
158097125
158097250
158097375
158097501
158097625
158097750
158098000
158098125
158098250
158098375
158098500
158098625
158098750
158098875
158099000
158099125
158099250
158099375
158099500
158099625
158099751
158099875
158100000
158100125
158100250
158100375
158100500
158100625
158100750
158100875
158101001
158101125
158101250
158101375
158101500
158101626
158101750
158101875
158102000
158102125
158102250
158102375
158102501
158102625
158102750
158102876
158103000
158103125
158103250
158103376
158103500
158103625
158103750
158103875
158104000
158104125
158104250
158104375
158104500
158104625
158104875
158105001
158105125
158105250
158105375
158105500
158105625
158105750
158105875
158106000
158106125
158106250
158106375
158106500
158106625
158106750
158106875
158107000
158107125
158107250
158107375
158107500
158107625
158107750
158107875
158108000
158108125
158108250
158108375
158108500
158108625
158108751
158108875
158109000
158109125
158109250
158109375
158109500
158109625
158109750
158109875
158110000
158110126
158110250
158110375
158110500
158110625
158110750
158110875
158111000
158111125
158111250
158111376
158111500
158111625
158111750
158111875
158112001
158112125
158112250
158112376
158112500
158112625
158112750
158112875
158113000
158113125
158113250
158113375
158113500
158113625
158113750
158113875
158114000
158114125
158114251
158114375
158114500
158114626
158114750
158114875
158115000
158115125
158115251
158115375
158115500
158115625
158115750
158115875
158116000
158116125
158116250
158116375
158116500
158116625
158116751
158116875
158117000
158117125
158117250
158117375
158117501
158117625
158117750
158117875
158118000
158118125
158118250
158118375
158118500
158118626
158118750
158118876
158119000
158119125
158119250
158119375
158119500
158119625
158119750
158119875
158120000
158120125
158120250
158120375
158120500
158120625
158120750
158120875
158121000
158121125
158121250
158121375
158121501
158121625
158121750
158121875
158122000
158122125
158122250
158122376
158122500
158122625
158122750
158122875
158123000
158123125
158123250
158123375
158123500
158123625
158123750
158123875
158124000
158124125
158124250
158124375
158124500
158124626
158124750
158124875
158125000
158125126
158125250
158125375
158125501
158125625
158125750
158125875
158126000
158126125
158126250
158126375
158126500
158126625
158126751
158126875
158127000
158127125
158127250
158127375
158127500
158127625
158127750
158127875
158128000
158128126
158128250
158128375
158128500
158128626
158128750
158128875
158129000
158129135
158129375
158129500
158129625
158129750
158129875
158130000
158130125
158130250
158130375
158130500
158130625
158130750
158130875
158131000
158131125
158131251
158131375
158131500
158131625
158131750
158131875
158132000
158132125
158132250
158132375
158132500
158132625
158132750
158132876
158133000
158133125
158133250
158133376
158133500
158133625
158133750
158133875
158134000
158134125
158134250
158134375
158134500
158134625
158134750
158134875
158135001
158135125
158135250
158135375
158135501
158135625
158135750
158135876
158136001
158136125
158136250
158136375
158136500
158136625
158136750
158136876
158137000
158137125
158137250
158137375
158137500
158137626
158137750
158137875
158138000
158138126
158138250
158138375
158138500
158138625
158138750
158138875
158139001
158139125
158139250
158139375
158139500
158139625
158139750
158139875
158140000
158140125
158140250
158140375
158140500
158140626
158140750
158140875
158141001
158141125
158141251
158141375
158141500
158141625
158141750
158141875
158142001
158142125
158142250
158142375
158142500
158142625
158142750
158142875
158143000
158143125
158143250
158143375
158143500
158143625
158143750
158143875
158144000
158144125
158144250
158144376
158144500
158144625
158144751
158144875
158145001
158145125
158145250
158145375
158145500
158145625
158145750
158145875
158146000
158146125
158146250
158146375
158146500
158146625
158146750
158146875
158147000
158147125
158147255
158147375
158147500
158147625
158147750
158147875
158148000
158148125
158148250
158148376
158148500
158148626
158148750
158148876
158149000
158149125
158149250
158149376
158149500
158149625
158149750
158149875
158150000
158150125
158150250
158150375
158150500
158150625
158150750
158150876
158151000
158151125
158151250
158151375
158151500
158151626
158151750
158151876
158152000
158152125
158152250
158152375
158152500
158152625
158152750
158152875
158153000
158153125
158153250
158153376
158153500
158153628
158153750
158153875
158154000
158154125
158154250
158154375
158154500
158154626
158154750
158154875
158155000
158155125
158155250
158155375
158155500
158155625
158155750
158155875
158156000
158156125
158156250
158156376
158156500
158156625
158156751
158156875
158157000
158157125
158157250
158157375
158157500
158157625
158158625
158158750
158158875
158159000
158159125
158159250
158159375
158159500
158159625
158159750
158159875
158160000
158160125
158160250
158160375
158160500
158160625
158160750
158160875
158161000
158161125
158161250
158161375
158161501
158161625
158161750
158161875
158162000
158162125
158162250
158162375
158162500
158162626
158162750
158162875
158163000
158163125
158163250
158163375
158163500
158163625
158163750
158163875
158164000
158164125
158164250
158164375
158164500
158164625
158164750
158164875
158165000
158165125
158165250
158165375
158165500
158165625
158165750
158165875
158166001
158166125
158166250
158166375
158166500
158166626
158166750
158166875
158167000
158167125
158167250
158167375
158167500
158167625
158167750
158167876
158168000
158168125
158168250
158168375
158168501
158168625
158168750
158168875
158169000
158169125
158169250
158169375
158169500
158169625
158169750
158169875
158170000
158170125
158170250
158170375
158170500
158170625
158170750
158170875
158171000
158171126
158171250
158171375
158171500
158171625
158171750
158171875
158172000
158172125
158172251
158172375
158172500
158172625
158172750
158172875
158173001
158173125
158173250
158173375
158173500
158173625
158173750
158173875
158174000
158174125
158174250
158174375
158174500
158174625
158174750
158174875
158175000
158175125
158175250
158175375
158175500
158175625
158175750
158175876
158176000
158176125
158176250
158176375
158176500
158176626
158176750
158176875
158177000
158177125
158177250
158177375
158177500
158177625
158177750
158177876
158178000
158178125
158178250
158178375
158178500
158178625
158178750
158178875
158179000
158179128
158179251
158179375
158179500
158179625
158179750
158179876
158180000
158180125
158180250
158180375
158180500
158180626
158180750
158180875
158181000
158181125
158181250
158181376
158181500
158181625
158181750
158181875
158182000
158182125
158182250
158182375
158182500
158182625
158182750
158182875
158183000
158183125
158183250
158183375
158183501
158183625
158183750
158183875
158184000
158184125
158184250
158184375
158184500
158184625
158184750
158184875
158185000
158185125
158185250
158185375
158185500
158185625
158185750
158185876
158186000
158186125
158186250
158186375
158186501
158186626
158186750
158186875
158187005
158187125
158187250
158187375
158187501
158187625
158190250
158190375
158190501
158190625
158190751
158190875
158191000
158191126
158191250
158191375
158191500
158191626
158191751
158191875
158192000
158192125
158192250
158192375
158192500
158192625
158192750
158192875
158193000
158193126
158193250
158193375
158193500
158193625
158193750
158193875
158194000
158194125
158194250
158194375
158194500
158194626
158194750
158194875
158195000
158195125
158195250
158195376
158195500
158195625
158195750
158195875
158196000
158196126
158196250
158196375
158196501
158196625
158196750
158196875
158197000
158197125
158197250
158197375
158197500
158197625
158197750
158197875
158198001
158198125
158198250
158198375
158198500
158198625
158198750
158198875
158199001
158199125
158199250
158199375
158199500
158199625
158199751
158199875
158200000
158200125
158200250
158200375
158200500
158200625
158200750
158200875
158201000
158201125
158201250
158201376
158201500
158201626
158201751
158201875
158202000
158202125
158202251
158202375
158202500
158202625
158202750
158202875
158203000
158203125
158203250
158203375
158203500
158203625
158203750
158203875
158204000
158204125
158204250
158204375
158204501
158204625
158204751
158204875
158205000
158205125
158205250
158205375
158205500
158205625
158205750
158205875
158206001
158206125
158206250
158206375
158206500
158206625
158206750
158206875
158207000
158207125
158207250
158207375
158207500
158207625
158207751
158207875
158208000
158208125
158208251
158208375
158208500
158208625
158208750
158208875
158209000
158209125
158209250
158209375
158209500
158209625
158209751
158209875
158210000
158210125
158210250
158210375
158210500
158210625
158210750
158210875
158211000
158211125
158211250
158211375
158211501
158211625
158211750
158211875
158212000
158212125
158212251
158212375
158212500
158212625
158212750
158212875
158213000
158213126
158213251